#Date        Time         gpu     sm    mem    enc    dec    jpg    ofa     fb   bar1   ccpm 
#YYYYMMDD    HH:MM:SS     Idx      %      %      %      %      %      %     MB     MB     MB 
 20260708    01:34:34       0      0      0      0      0      0      0     92     13      0 
 20260708    01:34:35       0      0      0      0      0      0      0     92     13      0 
 20260708    01:34:36       0      0      0      0      0      0      0     92     13      0 
 20260708    01:34:37       0      0      0      0      0      0      0     92     13      0 
 20260708    01:34:38       0      0      0      0      0      0      0     92     13      0 
 20260708    01:34:39       0      0      0      0      0      0      0     92     13      0 
 20260708    01:34:40       0      0      0      0      0      0      0     92     13      0 
 20260708    01:34:41       0      7      0      0      0      0      0    685     15      0 
 20260708    01:34:42       0      2      0      0      0      0      0   1969     15      0 
 20260708    01:34:43       0     19      1      0      0      0      0   2145     15      0 
 20260708    01:34:44       0     55     32      0      0      0      0   3303     15      0 
 20260708    01:34:45       0     91     57      0      0      0      0   2099     15      0 
 20260708    01:34:46       0     16      9      0      0      0      0   5153     15      0 
 20260708    01:34:47       0     29     24      0      0      0      0   5153     15      0 
 20260708    01:34:48       0      1      1      0      0      0      0   5153     15      0 
 20260708    01:34:49       0     86     58      0      0      0      0   5153     15      0 
 20260708    01:34:50       0     19     11      0      0      0      0   5153     15      0 
 20260708    01:34:51       0     90     60      0      0      0      0   5155     15      0 
 20260708    01:34:52       0     15     10      0      0      0      0   5153     15      0 
 20260708    01:34:53       0     91     60      0      0      0      0   3617     15      0 
 20260708    01:34:54       0     92     64      0      0      0      0   5153     15      0 
 20260708    01:34:55       0      5      4      0      0      0      0   5153     15      0 
 20260708    01:34:56       0      0      0      0      0      0      0   5153     15      0 
 20260708    01:34:57       0     99     69      0      0      0      0   2043     15      0 
 20260708    01:34:58       0      0      0      0      0      0      0   5153     15      0 
 20260708    01:34:59       0     44     24      0      0      0      0   5153     15      0 
 20260708    01:35:00       0     15     10      0      0      0      0   5153     15      0 
 20260708    01:35:01       0     89     58      0      0      0      0   5155     15      0 
 20260708    01:35:02       0     28     19      0      0      0      0   5153     15      0 
 20260708    01:35:03       0     86     56      0      0      0      0   5153     15      0 
 20260708    01:35:04       0      1      0      0      0      0      0   5153     15      0 
 20260708    01:35:05       0      2      2      0      0      0      0   5155     15      0 
 20260708    01:35:06       0     26     15      0      0      0      0   5153     15      0 
 20260708    01:35:07       0     98     68      0      0      0      0   5153     15      0 
 20260708    01:35:08       0      6      4      0      0      0      0   5153     15      0 
 20260708    01:35:09       0      1      1      0      0      0      0   5153     15      0 
 20260708    01:35:10       0      0      0      0      0      0      0   5155     15      0 
 20260708    01:35:11       0      2      1      0      0      0      0   5153     15      0 
 20260708    01:35:12       0     12      8      0      0      0      0   5157     15      0 
 20260708    01:35:13       0     39     28      0      0      0      0   5153     15      0 
 20260708    01:35:14       0     19     11      0      0      0      0   5157     15      0 
 20260708    01:35:15       0     11      7      0      0      0      0   5153     15      0 
 20260708    01:35:16       0     91     61      0      0      0      0   3617     15      0 
 20260708    01:35:17       0     18      2      0      0      0      0   5159     15      0 
#Date        Time         gpu     sm    mem    enc    dec    jpg    ofa     fb   bar1   ccpm 
#YYYYMMDD    HH:MM:SS     Idx      %      %      %      %      %      %     MB     MB     MB 
 20260708    01:35:18       0      3      1      0      0      0      0   5155     15      0 
 20260708    01:35:19       0      9      6      0      0      0      0   5153     15      0 
 20260708    01:35:20       0     75     53      0      0      0      0   5155     15      0 
 20260708    01:35:21       0     19     11      0      0      0      0   5155     15      0 
 20260708    01:35:22       0     25      9      0      0      0      0   5153     15      0 
 20260708    01:35:23       0     67     46      0      0      0      0   2043     15      0 
 20260708    01:35:24       0      1      1      0      0      0      0   5153     15      0 
 20260708    01:35:25       0     56     36      0      0      0      0   5153     15      0 
 20260708    01:35:26       0     34     23      0      0      0      0   5153     15      0 
 20260708    01:35:27       0      5      4      0      0      0      0   5157     15      0 
 20260708    01:35:28       0      5      4      0      0      0      0   5153     15      0 
 20260708    01:35:29       0      3      2      0      0      0      0   2043     15      0 
 20260708    01:35:30       0     98     68      0      0      0      0   5159     15      0 
 20260708    01:35:31       0     19     11      0      0      0      0   5153     15      0 
 20260708    01:35:32       0      0      0      0      0      0      0   2043     15      0 
 20260708    01:35:34       0      3      1      0      0      0      0   5157     15      0 
 20260708    01:35:35       0     27     11      0      0      0      0   5153     15      0 
 20260708    01:35:36       0     91     63      0      0      0      0   5153     15      0 
 20260708    01:35:37       0      0      0      0      0      0      0   2043     15      0 
 20260708    01:35:38       0     91     60      0      0      0      0   5157     15      0 
 20260708    01:35:39       0     66     46      0      0      0      0   5157     15      0 
 20260708    01:35:40       0      5      4      0      0      0      0   5155     15      0 
 20260708    01:35:41       0     91     61      0      0      0      0   5153     15      0 
 20260708    01:35:42       0     20     14      0      0      0      0   5153     15      0 
 20260708    01:35:43       0     32     17      0      0      0      0   5153     15      0 
 20260708    01:35:44       0      0      0      0      0      0      0   5153     15      0 
 20260708    01:35:45       0     99     69      0      0      0      0   5153     15      0 
 20260708    01:35:46       0     60     42      0      0      0      0   5157     15      0 
 20260708    01:35:47       0     19     11      0      0      0      0   5153     15      0 
 20260708    01:35:48       0     97     67      0      0      0      0   5153     15      0 
 20260708    01:35:49       0     47     28      0      0      0      0   5157     15      0 
 20260708    01:35:50       0      3      3      0      0      0      0   5157     15      0 
 20260708    01:35:51       0      5      4      0      0      0      0   5153     15      0 
 20260708    01:35:52       0     99     69      0      0      0      0   5153     15      0 
 20260708    01:35:53       0     45     19      0      0      0      0   2043     15      0 
 20260708    01:35:54       0      3      2      0      0      0      0   5157     15      0 
 20260708    01:35:55       0      5      4      0      0      0      0   5153     15      0 
 20260708    01:35:56       0      0      0      0      0      0      0   3617     15      0 
 20260708    01:35:57       0     89     59      0      0      0      0   5153     15      0 
 20260708    01:35:58       0     19     11      0      0      0      0   5153     15      0 
 20260708    01:35:59       0     41     30      0      0      0      0   5157     15      0 
 20260708    01:36:00       0     14      8      0      0      0      0   5153     15      0 
 20260708    01:36:01       0     91     63      0      0      0      0   5153     15      0 
 20260708    01:36:02       0      0      0      0      0      0      0   5153     15      0 
#Date        Time         gpu     sm    mem    enc    dec    jpg    ofa     fb   bar1   ccpm 
#YYYYMMDD    HH:MM:SS     Idx      %      %      %      %      %      %     MB     MB     MB 
 20260708    01:36:03       0     61     43      0      0      0      0   5153     15      0 
 20260708    01:36:04       0      6      4      0      0      0      0   5153     15      0 
 20260708    01:36:05       0      0      0      0      0      0      0   5153     15      0 
 20260708    01:36:06       0     33     23      0      0      0      0   5153     15      0 
 20260708    01:36:07       0      1      0      0      0      0      0   5153     15      0 
 20260708    01:36:08       0     29     21      0      0      0      0   5153     15      0 
 20260708    01:36:09       0     22     15      0      0      0      0   5153     15      0 
 20260708    01:36:10       0      0      0      0      0      0      0   5153     15      0 
 20260708    01:36:11       0     15     10      0      0      0      0   5153     15      0 
 20260708    01:36:12       0      2      2      0      0      0      0   5157     15      0 
 20260708    01:36:13       0     38     19      0      0      0      0   5153     15      0 
 20260708    01:36:14       0     65     45      0      0      0      0   5153     15      0 
 20260708    01:36:15       0      1      1      0      0      0      0   5157     15      0 
 20260708    01:36:16       0      5      4      0      0      0      0   5155     15      0 
 20260708    01:36:17       0     99     69      0      0      0      0   5153     15      0 
 20260708    01:36:18       0     30     25      0      0      0      0   3617     15      0 
 20260708    01:36:19       0      3      1      0      0      0      0   5153     15      0 
 20260708    01:36:20       0      0      0      0      0      0      0   5153     15      0 
 20260708    01:36:21       0     23     17      0      0      0      0   5155     15      0 
 20260708    01:36:22       0      5      4      0      0      0      0   5153     15      0 
 20260708    01:36:23       0     87     57      0      0      0      0   5155     15      0 
 20260708    01:36:24       0      6      3      0      0      0      0   5153     15      0 
 20260708    01:36:25       0      3      1      0      0      0      0   5153     15      0 
 20260708    01:36:26       0     43     24      0      0      0      0   5153     15      0 
 20260708    01:36:27       0      1      1      0      0      0      0   5153     15      0 
 20260708    01:36:28       0      0      0      0      0      0      0   5153     15      0 
 20260708    01:36:29       0      0      0      0      0      0      0   5153     15      0 
 20260708    01:36:30       0     99     69      0      0      0      0   5155     15      0 
 20260708    01:36:31       0     19     11      0      0      0      0   5153     15      0 
 20260708    01:36:32       0     86     58      0      0      0      0   2043     15      0 
 20260708    01:36:33       0      9      6      0      0      0      0   5153     15      0 
 20260708    01:36:34       0     91     63      0      0      0      0   5153     15      0 
 20260708    01:36:35       0      0      0      0      0      0      0   5153     15      0 
 20260708    01:36:36       0     43     24      0      0      0      0   3617     15      0 
 20260708    01:36:37       0     33     23      0      0      0      0   5153     15      0 
 20260708    01:36:38       0      0      0      0      0      0      0   5155     15      0 
 20260708    01:36:39       0     99     69      0      0      0      0   5153     15      0 
 20260708    01:36:40       0      0      0      0      0      0      0   5157     15      0 
 20260708    01:36:41       0     99     69      0      0      0      0   5153     15      0 
 20260708    01:36:42       0     90     61      0      0      0      0   2043     15      0 
 20260708    01:36:43       0     19     11      0      0      0      0   5153     15      0 
 20260708    01:36:44       0     67     60      0      0      0      0   5153     15      0 
 20260708    01:36:45       0      3      3      0      0      0      0   5153     15      0 
 20260708    01:36:46       0     90     60      0      0      0      0   2043     15      0 
#Date        Time         gpu     sm    mem    enc    dec    jpg    ofa     fb   bar1   ccpm 
#YYYYMMDD    HH:MM:SS     Idx      %      %      %      %      %      %     MB     MB     MB 
 20260708    01:36:47       0     19     11      0      0      0      0   5153     15      0 
 20260708    01:36:48       0     18     12      0      0      0      0   2043     15      0 
 20260708    01:36:49       0     19     11      0      0      0      0   5157     15      0 
 20260708    01:36:50       0     22      7      0      0      0      0   5153     15      0 
 20260708    01:36:51       0      0      0      0      0      0      0   5153     15      0 
 20260708    01:36:52       0      1      1      0      0      0      0   5153     15      0 
 20260708    01:36:53       0     68     47      0      0      0      0   2043     15      0 
 20260708    01:36:54       0     19     11      0      0      0      0   5153     15      0 
 20260708    01:36:55       0     36     19      0      0      0      0   5153     15      0 
 20260708    01:36:56       0      0      0      0      0      0      0   5159     15      0 
 20260708    01:36:57       0     28     12      0      0      0      0   5153     15      0 
 20260708    01:36:58       0     96     67      0      0      0      0   2667     15      0 
 20260708    01:36:59       0     19     11      0      0      0      0   5153     15      0 
 20260708    01:37:00       0      0      0      0      0      0      0   5153     15      0 
 20260708    01:37:01       0      3      1      0      0      0      0   5153     15      0 
 20260708    01:37:02       0     90     59      0      0      0      0   2043     15      0 
 20260708    01:37:03       0     19     11      0      0      0      0   5153     15      0 
 20260708    01:37:04       0      1      1      0      0      0      0   5153     15      0 
 20260708    01:37:05       0     91     61      0      0      0      0   5153     15      0 
 20260708    01:37:06       0      1      1      0      0      0      0   5153     15      0 
 20260708    01:37:07       0     90     58      0      0      0      0   5153     15      0 
 20260708    01:37:08       0      0      0      0      0      0      0   5157     15      0 
 20260708    01:37:09       0     99     69      0      0      0      0   5157     15      0 
 20260708    01:37:10       0      0      0      0      0      0      0   5153     15      0 
 20260708    01:37:11       0     61     39      0      0      0      0   5153     15      0 
 20260708    01:37:12       0     10      7      0      0      0      0   5153     15      0 
 20260708    01:37:13       0     40     28      0      0      0      0   2043     15      0 
 20260708    01:37:14       0     23     15      0      0      0      0   5153     15      0 
 20260708    01:37:15       0      1      1      0      0      0      0   5157     15      0 
 20260708    01:37:16       0     94     65      0      0      0      0   2043     15      0 
 20260708    01:37:17       0      0      0      0      0      0      0   5153     15      0 
 20260708    01:37:18       0      0      0      0      0      0      0   5153     15      0 
 20260708    01:37:19       0      2      1      0      0      0      0   5157     15      0 
 20260708    01:37:20       0     46     26      0      0      0      0   5153     15      0 
 20260708    01:37:21       0      3      3      0      0      0      0   5153     15      0 
 20260708    01:37:22       0     91     61      0      0      0      0   5153     15      0 
 20260708    01:37:23       0      2      2      0      0      0      0   5155     15      0 
 20260708    01:37:24       0     91     61      0      0      0      0   5153     15      0 
 20260708    01:37:25       0      1      1      0      0      0      0   5155     15      0 
 20260708    01:37:26       0      5      4      0      0      0      0   5153     15      0 
 20260708    01:37:27       0     32      7      0      0      0      0   5155     15      0 
 20260708    01:37:28       0      2      2      0      0      0      0   5153     15      0 
 20260708    01:37:29       0     61     39      0      0      0      0   5155     15      0 
 20260708    01:37:30       0     99     69      0      0      0      0   5153     15      0 
#Date        Time         gpu     sm    mem    enc    dec    jpg    ofa     fb   bar1   ccpm 
#YYYYMMDD    HH:MM:SS     Idx      %      %      %      %      %      %     MB     MB     MB 
 20260708    01:37:31       0     10      7      0      0      0      0   5153     15      0 
 20260708    01:37:32       0     19      2      0      0      0      0   2043     15      0 
 20260708    01:37:33       0     70     45      0      0      0      0   5157     15      0 
 20260708    01:37:34       0     94     65      0      0      0      0   5155     15      0 
 20260708    01:37:35       0     19     13      0      0      0      0   5153     15      0 
 20260708    01:37:36       0     19     11      0      0      0      0   5153     15      0 
 20260708    01:37:37       0     35     16      0      0      0      0   2043     15      0 
 20260708    01:37:38       0     93     66      0      0      0      0   5153     15      0 
 20260708    01:37:39       0     19     11      0      0      0      0   5153     15      0 
 20260708    01:37:40       0     87     60      0      0      0      0   5153     15      0 
 20260708    01:37:41       0     64     45      0      0      0      0   5153     15      0 
 20260708    01:37:42       0      0      0      0      0      0      0   5155     15      0 
 20260708    01:37:43       0     27     19      0      0      0      0   5153     15      0 
 20260708    01:37:44       0      3      2      0      0      0      0   5153     15      0 
 20260708    01:37:45       0     62     40      0      0      0      0   2043     15      0 
 20260708    01:37:46       0     91     63      0      0      0      0   5157     15      0 
 20260708    01:37:47       0     42     29      0      0      0      0   5155     15      0 
 20260708    01:37:48       0     26      3      0      0      0      0   5157     15      0 
 20260708    01:37:49       0     97     67      0      0      0      0   5153     15      0 
 20260708    01:37:50       0      5      4      0      0      0      0   5153     15      0 
 20260708    01:37:51       0      0      0      0      0      0      0   5153     15      0 
 20260708    01:37:52       0      0      0      0      0      0      0   5159     15      0 
 20260708    01:37:53       0      1      0      0      0      0      0   5153     15      0 
 20260708    01:37:54       0     64     42      0      0      0      0   2043     15      0 
 20260708    01:37:55       0     97     68      0      0      0      0   5153     15      0 
 20260708    01:37:56       0     19     11      0      0      0      0   5153     15      0 
 20260708    01:37:57       0     87     59      0      0      0      0   5153     15      0 
 20260708    01:37:58       0     19     11      0      0      0      0   5153     15      0 
 20260708    01:37:59       0      1      0      0      0      0      0   5153     15      0 
 20260708    01:38:00       0     91     61      0      0      0      0   2043     15      0 
 20260708    01:38:01       0      0      0      0      0      0      0   5153     15      0 
 20260708    01:38:02       0      0      0      0      0      0      0   5153     15      0 
 20260708    01:38:03       0      0      0      0      0      0      0   5153     15      0 
 20260708    01:38:04       0     79     55      0      0      0      0   5155     15      0 
 20260708    01:38:05       0     19     11      0      0      0      0   5153     15      0 
 20260708    01:38:06       0     83     54      0      0      0      0   5157     15      0 
 20260708    01:38:07       0      3      3      0      0      0      0   5153     15      0 
 20260708    01:38:08       0     22     13      0      0      0      0   5153     15      0 
 20260708    01:38:09       0      0      0      0      0      0      0   5155     15      0 
 20260708    01:38:10       0      0      0      0      0      0      0   2043     15      0 
 20260708    01:38:11       0      0      0      0      0      0      0   2043     15      0 
 20260708    01:38:12       0      0      0      0      0      0      0   2043     15      0 
