#Date        Time         gpu     sm    mem    enc    dec    jpg    ofa     fb   bar1   ccpm 
#YYYYMMDD    HH:MM:SS     Idx      %      %      %      %      %      %     MB     MB     MB 
 20260707    02:40:49       0      0      0      0      0      0      0     92     13      0 
 20260707    02:40:50       0      0      0      0      0      0      0     92     13      0 
 20260707    02:40:51       0      0      0      0      0      0      0     92     13      0 
 20260707    02:40:52       0      0      0      0      0      0      0     92     13      0 
 20260707    02:40:53       0      0      0      0      0      0      0     92     13      0 
 20260707    02:40:54       0      0      0      0      0      0      0     92     13      0 
 20260707    02:40:55       0      0      0      0      0      0      0     92     13      0 
 20260707    02:40:56       0      0      0      0      0      0      0     92     13      0 
 20260707    02:40:57       0      0      0      0      0      0      0     92     13      0 
 20260707    02:40:58       0      0      0      0      0      0      0     92     13      0 
 20260707    02:40:59       0      0      0      0      0      0      0     92     13      0 
 20260707    02:41:00       0      0      0      0      0      0      0     92     13      0 
 20260707    02:41:01       0      0      0      0      0      0      0     92     13      0 
 20260707    02:41:02       0      0      0      0      0      0      0     92     13      0 
 20260707    02:41:03       0      0      0      0      0      0      0     92     13      0 
 20260707    02:41:04       0      0      0      0      0      0      0     92     13      0 
 20260707    02:41:05       0      0      0      0      0      0      0     92     13      0 
 20260707    02:41:06       0      0      0      0      0      0      0     92     13      0 
 20260707    02:41:07       0      0      0      0      0      0      0     92     13      0 
 20260707    02:41:08       0      0      0      0      0      0      0     92     13      0 
 20260707    02:41:09       0      0      0      0      0      0      0     92     13      0 
 20260707    02:41:10       0      0      0      0      0      0      0     92     13      0 
 20260707    02:41:11       0      0      0      0      0      0      0    685     15      0 
 20260707    02:41:12       0      0      0      0      0      0      0   1969     15      0 
 20260707    02:41:13       0      0      0      0      0      0      0   2097     15      0 
 20260707    02:41:14       0     57     34      0      0      0      0   3849     15      0 
 20260707    02:41:15       0     32     19      0      0      0      0   4381     15      0 
 20260707    02:41:16       0      0      0      0      0      0      0   5153     15      0 
 20260707    02:41:17       0     30     18      0      0      0      0   5153     15      0 
 20260707    02:41:18       0      0      0      0      0      0      0   5153     15      0 
 20260707    02:41:19       0      0      0      0      0      0      0   5153     15      0 
 20260707    02:41:20       0      0      0      0      0      0      0   5155     15      0 
 20260707    02:41:21       0      0      0      0      0      0      0   5155     15      0 
 20260707    02:41:22       0     19     11      0      0      0      0   5155     15      0 
 20260707    02:41:23       0     15     10      0      0      0      0   5155     15      0 
 20260707    02:41:24       0      0      0      0      0      0      0   5153     15      0 
 20260707    02:41:25       0     48     33      0      0      0      0   5153     15      0 
 20260707    02:41:26       0      0      0      0      0      0      0   5153     15      0 
 20260707    02:41:27       0      0      0      0      0      0      0   5153     15      0 
 20260707    02:41:28       0     92     60      0      0      0      0   5155     15      0 
 20260707    02:41:29       0      0      0      0      0      0      0   5153     15      0 
 20260707    02:41:30       0     95     63      0      0      0      0   5153     15      0 
 20260707    02:41:31       0      0      0      0      0      0      0   5153     15      0 
 20260707    02:41:32       0      5      4      0      0      0      0   5155     15      0 
#Date        Time         gpu     sm    mem    enc    dec    jpg    ofa     fb   bar1   ccpm 
#YYYYMMDD    HH:MM:SS     Idx      %      %      %      %      %      %     MB     MB     MB 
 20260707    02:41:33       0     52     29      0      0      0      0   5155     15      0 
 20260707    02:41:34       0      0      0      0      0      0      0   5153     15      0 
 20260707    02:41:35       0     96     66      0      0      0      0   5155     15      0 
 20260707    02:41:36       0      0      0      0      0      0      0   5155     15      0 
 20260707    02:41:37       0      0      0      0      0      0      0   5155     15      0 
 20260707    02:41:38       0      0      0      0      0      0      0   5153     15      0 
 20260707    02:41:39       0     94     64      0      0      0      0   5155     15      0 
 20260707    02:41:40       0      0      0      0      0      0      0   5153     15      0 
 20260707    02:41:41       0     99     68      0      0      0      0   5155     15      0 
 20260707    02:41:42       0      0      0      0      0      0      0   5155     15      0 
 20260707    02:41:43       0     37     15      0      0      0      0   5155     15      0 
 20260707    02:41:44       0      0      0      0      0      0      0   5153     15      0 
 20260707    02:41:45       0     48     31      0      0      0      0   5155     15      0 
 20260707    02:41:46       0      0      0      0      0      0      0   5155     15      0 
 20260707    02:41:47       0      0      0      0      0      0      0   5153     15      0 
 20260707    02:41:48       0     91     60      0      0      0      0   5155     15      0 
 20260707    02:41:49       0      0      0      0      0      0      0   5153     15      0 
 20260707    02:41:50       0     95     63      0      0      0      0   5157     15      0 
 20260707    02:41:51       0      0      0      0      0      0      0   5155     15      0 
 20260707    02:41:52       0     49     29      0      0      0      0   5155     15      0 
 20260707    02:41:53       0      0      0      0      0      0      0   5153     15      0 
 20260707    02:41:54       0     96     64      0      0      0      0   5155     15      0 
 20260707    02:41:55       0      0      0      0      0      0      0   2043     15      0 
 20260707    02:41:56       0      5      3      0      0      0      0   5155     15      0 
 20260707    02:41:57       0     27     15      0      0      0      0   5153     15      0 
 20260707    02:41:58       0     35     23      0      0      0      0   5155     15      0 
 20260707    02:41:59       0      0      0      0      0      0      0   5153     15      0 
 20260707    02:42:00       0     97     66      0      0      0      0   5153     15      0 
 20260707    02:42:01       0      0      0      0      0      0      0   5153     15      0 
 20260707    02:42:02       0      0      0      0      0      0      0   5155     15      0 
 20260707    02:42:03       0     91     61      0      0      0      0   2043     15      0 
 20260707    02:42:04       0      0      0      0      0      0      0   5157     15      0 
 20260707    02:42:05       0     30      8      0      0      0      0   5153     15      0 
 20260707    02:42:06       0     91     62      0      0      0      0   5157     15      0 
 20260707    02:42:07       0      0      0      0      0      0      0   5153     15      0 
 20260707    02:42:08       0     59     40      0      0      0      0   5155     15      0 
 20260707    02:42:09       0      0      0      0      0      0      0   5157     15      0 
 20260707    02:42:10       0     95     62      0      0      0      0   5153     15      0 
 20260707    02:42:11       0     19     11      0      0      0      0   5153     15      0 
 20260707    02:42:12       0      0      0      0      0      0      0   5157     15      0 
 20260707    02:42:13       0     99     68      0      0      0      0   5155     15      0 
 20260707    02:42:14       0     50     22      0      0      0      0   5155     15      0 
 20260707    02:42:15       0      0      0      0      0      0      0   5155     15      0 
 20260707    02:42:16       0     85     58      0      0      0      0   5155     15      0 
#Date        Time         gpu     sm    mem    enc    dec    jpg    ofa     fb   bar1   ccpm 
#YYYYMMDD    HH:MM:SS     Idx      %      %      %      %      %      %     MB     MB     MB 
 20260707    02:42:17       0      0      0      0      0      0      0   5155     15      0 
 20260707    02:42:18       0     99     68      0      0      0      0   5155     15      0 
 20260707    02:42:19       0      0      0      0      0      0      0   5155     15      0 
 20260707    02:42:20       0     99     67      0      0      0      0   5153     15      0 
 20260707    02:42:21       0      0      0      0      0      0      0   5155     15      0 
 20260707    02:42:22       0     47     36      0      0      0      0   5153     15      0 
 20260707    02:42:23       0      0      0      0      0      0      0   5155     15      0 
 20260707    02:42:24       0     83     57      0      0      0      0   5153     15      0 
 20260707    02:42:25       0      0      0      0      0      0      0   5155     15      0 
 20260707    02:42:26       0      0      0      0      0      0      0   5155     15      0 
 20260707    02:42:27       0     19     11      0      0      0      0   5153     15      0 
 20260707    02:42:28       0      0      0      0      0      0      0   5159     15      0 
 20260707    02:42:29       0     78     50      0      0      0      0   5159     15      0 
 20260707    02:42:30       0      0      0      0      0      0      0   5159     15      0 
 20260707    02:42:31       0     48     20      0      0      0      0   5155     15      0 
 20260707    02:42:32       0      0      0      0      0      0      0   5155     15      0 
 20260707    02:42:33       0      0      0      0      0      0      0   5153     15      0 
 20260707    02:42:34       0      0      0      0      0      0      0   5155     15      0 
 20260707    02:42:35       0     19     11      0      0      0      0   5153     15      0 
 20260707    02:42:36       0      0      0      0      0      0      0   5155     15      0 
 20260707    02:42:37       0      5      4      0      0      0      0   5153     15      0 
 20260707    02:42:38       0      0      0      0      0      0      0   3617     15      0 
 20260707    02:42:39       0     48     26      0      0      0      0   5157     15      0 
 20260707    02:42:40       0     74     50      0      0      0      0   5157     15      0 
 20260707    02:42:41       0     99     68      0      0      0      0   5153     15      0 
 20260707    02:42:42       0      0      0      0      0      0      0   5155     15      0 
 20260707    02:42:43       0      0      0      0      0      0      0   3617     15      0 
 20260707    02:42:44       0     91     60      0      0      0      0   5155     15      0 
 20260707    02:42:45       0      5      4      0      0      0      0   5153     15      0 
 20260707    02:42:46       0     91     58      0      0      0      0   5155     15      0 
 20260707    02:42:47       0      0      0      0      0      0      0   5155     15      0 
 20260707    02:42:48       0     48     33      0      0      0      0   5157     15      0 
 20260707    02:42:49       0      0      0      0      0      0      0   5159     15      0 
 20260707    02:42:50       0      0      0      0      0      0      0   5155     15      0 
 20260707    02:42:51       0      0      0      0      0      0      0   3617     15      0 
 20260707    02:42:52       0     91     61      0      0      0      0   5155     15      0 
 20260707    02:42:53       0     19     11      0      0      0      0   5153     15      0 
 20260707    02:42:54       0     46     25      0      0      0      0   5155     15      0 
 20260707    02:42:55       0      0      0      0      0      0      0   5155     15      0 
 20260707    02:42:56       0     28     15      0      0      0      0   5155     15      0 
 20260707    02:42:57       0      0      0      0      0      0      0   5155     15      0 
 20260707    02:42:58       0     88     56      0      0      0      0   5153     15      0 
 20260707    02:42:59       0     95     64      0      0      0      0   5157     15      0 
 20260707    02:43:00       0      6      4      0      0      0      0   5153     15      0 
#Date        Time         gpu     sm    mem    enc    dec    jpg    ofa     fb   bar1   ccpm 
#YYYYMMDD    HH:MM:SS     Idx      %      %      %      %      %      %     MB     MB     MB 
 20260707    02:43:01       0     39     18      0      0      0      0   5157     15      0 
 20260707    02:43:02       0     47     21      0      0      0      0   5157     15      0 
 20260707    02:43:03       0     65     44      0      0      0      0   5153     15      0 
 20260707    02:43:04       0      5      4      0      0      0      0   5153     15      0 
 20260707    02:43:05       0      0      0      0      0      0      0   5153     15      0 
 20260707    02:43:06       0     36     16      0      0      0      0   2845     15      0 
 20260707    02:43:07       0     91     60      0      0      0      0   2043     15      0 
 20260707    02:43:08       0      2      1      0      0      0      0   5157     15      0 
 20260707    02:43:09       0     92     63      0      0      0      0   5153     15      0 
 20260707    02:43:10       0     36     23      0      0      0      0   5159     15      0 
 20260707    02:43:11       0      0      0      0      0      0      0   5153     15      0 
 20260707    02:43:12       0     82     52      0      0      0      0   5155     15      0 
 20260707    02:43:13       0      0      0      0      0      0      0   5153     15      0 
 20260707    02:43:14       0     91     61      0      0      0      0   5155     15      0 
 20260707    02:43:15       0      0      0      0      0      0      0   5155     15      0 
 20260707    02:43:16       0     99     68      0      0      0      0   5153     15      0 
 20260707    02:43:17       0      0      0      0      0      0      0   5155     15      0 
 20260707    02:43:18       0      5      4      0      0      0      0   5153     15      0 
 20260707    02:43:19       0     91     60      0      0      0      0   5155     15      0 
 20260707    02:43:20       0      0      0      0      0      0      0   5155     15      0 
 20260707    02:43:21       0     99     68      0      0      0      0   5157     15      0 
 20260707    02:43:22       0      0      0      0      0      0      0   5157     15      0 
 20260707    02:43:23       0     53     32      0      0      0      0   5153     15      0 
 20260707    02:43:24       0      0      0      0      0      0      0   5155     15      0 
 20260707    02:43:25       0     99     67      0      0      0      0   5155     15      0 
 20260707    02:43:26       0      0      0      0      0      0      0   5155     15      0 
 20260707    02:43:28       0     65     40      0      0      0      0   5155     15      0 
 20260707    02:43:29       0      0      0      0      0      0      0   3617     15      0 
 20260707    02:43:30       0     30     21      0      0      0      0   5159     15      0 
 20260707    02:43:31       0      5      4      0      0      0      0   5153     15      0 
 20260707    02:43:32       0      0      0      0      0      0      0   5153     15      0 
 20260707    02:43:33       0     46     25      0      0      0      0   3617     15      0 
 20260707    02:43:34       0     95     64      0      0      0      0   5157     15      0 
 20260707    02:43:35       0      0      0      0      0      0      0   2043     15      0 
 20260707    02:43:36       0     17     12      0      0      0      0   5157     15      0 
 20260707    02:43:37       0     22     12      0      0      0      0   5159     15      0 
 20260707    02:43:38       0      0      0      0      0      0      0   2043     15      0 
 20260707    02:43:39       0     47     28      0      0      0      0   5155     15      0 
 20260707    02:43:40       0      0      0      0      0      0      0   5155     15      0 
 20260707    02:43:41       0     99     68      0      0      0      0   5155     15      0 
 20260707    02:43:42       0      5      4      0      0      0      0   5157     15      0 
 20260707    02:43:43       0     23      7      0      0      0      0   5153     15      0 
 20260707    02:43:44       0     10      7      0      0      0      0   5155     15      0 
 20260707    02:43:45       0      0      0      0      0      0      0   5153     15      0 
#Date        Time         gpu     sm    mem    enc    dec    jpg    ofa     fb   bar1   ccpm 
#YYYYMMDD    HH:MM:SS     Idx      %      %      %      %      %      %     MB     MB     MB 
 20260707    02:43:46       0     89     59      0      0      0      0   5155     15      0 
 20260707    02:43:47       0      0      0      0      0      0      0   3069     15      0 
 20260707    02:43:48       0     83     53      0      0      0      0   5155     15      0 
 20260707    02:43:49       0      0      0      0      0      0      0   5155     15      0 
 20260707    02:43:50       0     95     62      0      0      0      0   5155     15      0 
 20260707    02:43:51       0      0      0      0      0      0      0   5153     15      0 
 20260707    02:43:52       0      0      0      0      0      0      0   5155     15      0 
 20260707    02:43:53       0      0      0      0      0      0      0   5153     15      0 
 20260707    02:43:54       0     95     65      0      0      0      0   5157     15      0 
 20260707    02:43:55       0     19     11      0      0      0      0   5159     15      0 
 20260707    02:43:56       0      0      0      0      0      0      0   3617     15      0 
 20260707    02:43:57       0     18      0      0      0      0      0   5155     15      0 
 20260707    02:43:58       0     64     44      0      0      0      0   5157     15      0 
 20260707    02:43:59       0      0      0      0      0      0      0   5153     15      0 
 20260707    02:44:00       0      0      0      0      0      0      0   5157     15      0 
 20260707    02:44:01       0     76     53      0      0      0      0   5155     15      0 
 20260707    02:44:02       0     22     12      0      0      0      0   5157     15      0 
 20260707    02:44:03       0     90     59      0      0      0      0   4965     15      0 
 20260707    02:44:04       0     48     32      0      0      0      0   5155     15      0 
 20260707    02:44:05       0      1      0      0      0      0      0   5153     15      0 
 20260707    02:44:06       0      0      0      0      0      0      0   5153     15      0 
 20260707    02:44:07       0     26     10      0      0      0      0   5155     15      0 
 20260707    02:44:08       0     99     68      0      0      0      0   5155     15      0 
 20260707    02:44:09       0      1      1      0      0      0      0   5155     15      0 
 20260707    02:44:10       0     34     15      0      0      0      0   5153     15      0 
 20260707    02:44:11       0     30     20      0      0      0      0   2043     15      0 
 20260707    02:44:12       0     94     61      0      0      0      0   2043     15      0 
 20260707    02:44:13       0     99     67      0      0      0      0   5155     15      0 
 20260707    02:44:14       0     19     11      0      0      0      0   5155     15      0 
 20260707    02:44:15       0      0      0      0      0      0      0   5155     15      0 
 20260707    02:44:16       0     79     51      0      0      0      0   5155     15      0 
 20260707    02:44:17       0      0      0      0      0      0      0   5159     15      0 
 20260707    02:44:18       0     21     12      0      0      0      0   5153     15      0 
 20260707    02:44:19       0     48     18      0      0      0      0   5159     15      0 
 20260707    02:44:20       0      0      0      0      0      0      0   5155     15      0 
 20260707    02:44:21       0     91     60      0      0      0      0   5155     15      0 
 20260707    02:44:22       0      0      0      0      0      0      0   5155     15      0 
 20260707    02:44:23       0     88     56      0      0      0      0   3617     15      0 
 20260707    02:44:24       0     95     62      0      0      0      0   5155     15      0 
 20260707    02:44:25       0      0      0      0      0      0      0   5155     15      0 
 20260707    02:44:26       0      0      0      0      0      0      0   5157     15      0 
 20260707    02:44:27       0     63     40      0      0      0      0   3617     15      0 
 20260707    02:44:28       0      3      2      0      0      0      0   5153     15      0 
 20260707    02:44:29       0     25     10      0      0      0      0   5155     15      0 
#Date        Time         gpu     sm    mem    enc    dec    jpg    ofa     fb   bar1   ccpm 
#YYYYMMDD    HH:MM:SS     Idx      %      %      %      %      %      %     MB     MB     MB 
 20260707    02:44:30       0      0      0      0      0      0      0   5153     15      0 
 20260707    02:44:31       0     48     21      0      0      0      0   5159     15      0 
 20260707    02:44:32       0     41     28      0      0      0      0   5153     15      0 
 20260707    02:44:33       0     15      9      0      0      0      0   5155     15      0 
 20260707    02:44:34       0      0      0      0      0      0      0   5155     15      0 
 20260707    02:44:35       0     18     13      0      0      0      0   5155     15      0 
 20260707    02:44:36       0      0      0      0      0      0      0   5153     15      0 
 20260707    02:44:37       0     48     24      0      0      0      0   5155     15      0 
 20260707    02:44:38       0      0      0      0      0      0      0   5153     15      0 
 20260707    02:44:39       0      0      0      0      0      0      0   2043     15      0 
 20260707    02:44:40       0     19     11      0      0      0      0   5155     15      0 
 20260707    02:44:41       0     38     13      0      0      0      0   5153     15      0 
 20260707    02:44:42       0     71     57      0      0      0      0   5155     15      0 
 20260707    02:44:43       0      0      0      0      0      0      0   5155     15      0 
 20260707    02:44:44       0      3      2      0      0      0      0   5153     15      0 
 20260707    02:44:45       0     42     22      0      0      0      0   5155     15      0 
 20260707    02:44:46       0      0      0      0      0      0      0   5153     15      0 
 20260707    02:44:47       0     55     45      0      0      0      0   5155     15      0 
 20260707    02:44:48       0      0      0      0      0      0      0   5155     15      0 
 20260707    02:44:49       0      6      4      0      0      0      0   5155     15      0 
 20260707    02:44:50       0     30     14      0      0      0      0   3617     15      0 
 20260707    02:44:51       0     99     68      0      0      0      0   5157     15      0 
 20260707    02:44:52       0      5      4      0      0      0      0   5155     15      0 
 20260707    02:44:53       0     48     33      0      0      0      0   3617     15      0 
 20260707    02:44:54       0     82     56      0      0      0      0   5155     15      0 
 20260707    02:44:55       0      0      0      0      0      0      0   5155     15      0 
 20260707    02:44:56       0      0      0      0      0      0      0   5153     15      0 
 20260707    02:44:57       0     14      2      0      0      0      0   3617     15      0 
 20260707    02:44:58       0     47     32      0      0      0      0   2043     15      0 
 20260707    02:44:59       0     19     11      0      0      0      0   5155     15      0 
 20260707    02:45:00       0      0      0      0      0      0      0   5155     15      0 
 20260707    02:45:01       0      5      4      0      0      0      0   5153     15      0 
 20260707    02:45:02       0     68     44      0      0      0      0   5155     15      0 
 20260707    02:45:03       0      0      0      0      0      0      0   5155     15      0 
 20260707    02:45:04       0      0      0      0      0      0      0   5155     15      0 
 20260707    02:45:05       0      0      0      0      0      0      0   5153     15      0 
 20260707    02:45:06       0     25     22      0      0      0      0   5155     15      0 
 20260707    02:45:07       0      0      0      0      0      0      0   5155     15      0 
 20260707    02:45:08       0      5      4      0      0      0      0   5153     15      0 
 20260707    02:45:09       0     90     58      0      0      0      0   5155     15      0 
 20260707    02:45:10       0      0      0      0      0      0      0   5155     15      0 
 20260707    02:45:11       0     19      0      0      0      0      0   5159     15      0 
 20260707    02:45:12       0      0      0      0      0      0      0   5155     15      0 
 20260707    02:45:13       0     73     47      0      0      0      0   5155     15      0 
#Date        Time         gpu     sm    mem    enc    dec    jpg    ofa     fb   bar1   ccpm 
#YYYYMMDD    HH:MM:SS     Idx      %      %      %      %      %      %     MB     MB     MB 
 20260707    02:45:14       0      2      1      0      0      0      0   5153     15      0 
 20260707    02:45:15       0     94     63      0      0      0      0   5155     15      0 
 20260707    02:45:16       0      0      0      0      0      0      0   5155     15      0 
 20260707    02:45:17       0      0      0      0      0      0      0   5159     15      0 
 20260707    02:45:18       0     28      0      0      0      0      0   5159     15      0 
 20260707    02:45:19       0      0      0      0      0      0      0   5153     15      0 
 20260707    02:45:20       0     99     68      0      0      0      0   5155     15      0 
 20260707    02:45:21       0      0      0      0      0      0      0   5153     15      0 
 20260707    02:45:22       0     94     62      0      0      0      0   5155     15      0 
 20260707    02:45:23       0      0      0      0      0      0      0   5155     15      0 
 20260707    02:45:24       0     45     17      0      0      0      0   3617     15      0 
 20260707    02:45:25       0     16      9      0      0      0      0   5155     15      0 
 20260707    02:45:26       0      0      0      0      0      0      0   5155     15      0 
 20260707    02:45:27       0     32     22      0      0      0      0   5155     15      0 
 20260707    02:45:28       0      0      0      0      0      0      0   5153     15      0 
 20260707    02:45:29       0     95     61      0      0      0      0   5155     15      0 
 20260707    02:45:30       0      0      0      0      0      0      0   3617     15      0 
 20260707    02:45:31       0      3      2      0      0      0      0   5157     15      0 
 20260707    02:45:32       0      6      2      0      0      0      0   5153     15      0 
 20260707    02:45:33       0      0      0      0      0      0      0   5155     15      0 
 20260707    02:45:34       0      0      0      0      0      0      0   5155     15      0 
 20260707    02:45:35       0      0      0      0      0      0      0   5155     15      0 
 20260707    02:45:36       0      0      0      0      0      0      0   5155     15      0 
 20260707    02:45:37       0     84     55      0      0      0      0   5155     15      0 
 20260707    02:45:38       0     40     27      0      0      0      0   5153     15      0 
 20260707    02:45:39       0     43     16      0      0      0      0   5157     15      0 
 20260707    02:45:40       0     29     17      0      0      0      0   5153     15      0 
 20260707    02:45:41       0      0      0      0      0      0      0   5155     15      0 
 20260707    02:45:42       0      5      4      0      0      0      0   3617     15      0 
 20260707    02:45:43       0     86     55      0      0      0      0   5155     15      0 
 20260707    02:45:44       0      0      0      0      0      0      0   5155     15      0 
 20260707    02:45:45       0     62     37      0      0      0      0   5159     15      0 
 20260707    02:45:46       0      5      4      0      0      0      0   3617     15      0 
 20260707    02:45:47       0     26     11      0      0      0      0   5157     15      0 
 20260707    02:45:48       0     92     63      0      0      0      0   5155     15      0 
 20260707    02:45:49       0     20      2      0      0      0      0   5157     15      0 
 20260707    02:45:50       0      5      4      0      0      0      0   3617     15      0 
 20260707    02:45:51       0     54     31      0      0      0      0   5155     15      0 
 20260707    02:45:52       0     99     68      0      0      0      0   5153     15      0 
 20260707    02:45:53       0      0      0      0      0      0      0   5155     15      0 
 20260707    02:45:54       0     19     11      0      0      0      0   5153     15      0 
 20260707    02:45:55       0      0      0      0      0      0      0   5159     15      0 
 20260707    02:45:56       0     78     50      0      0      0      0   5155     15      0 
 20260707    02:45:57       0      0      0      0      0      0      0   5155     15      0 
#Date        Time         gpu     sm    mem    enc    dec    jpg    ofa     fb   bar1   ccpm 
#YYYYMMDD    HH:MM:SS     Idx      %      %      %      %      %      %     MB     MB     MB 
 20260707    02:45:58       0     24     17      0      0      0      0   5155     15      0 
 20260707    02:45:59       0      0      0      0      0      0      0   5155     15      0 
 20260707    02:46:00       0     66     42      0      0      0      0   5153     15      0 
 20260707    02:46:01       0      0      0      0      0      0      0   5153     15      0 
 20260707    02:46:02       0      0      0      0      0      0      0   3617     15      0 
 20260707    02:46:03       0     88     56      0      0      0      0   5155     15      0 
 20260707    02:46:04       0     19     11      0      0      0      0   5153     15      0 
 20260707    02:46:05       0      0      0      0      0      0      0   5159     15      0 
 20260707    02:46:06       0     25      2      0      0      0      0   5159     15      0 
 20260707    02:46:07       0      0      0      0      0      0      0   2043     15      0 
 20260707    02:46:08       0     99     68      0      0      0      0   5155     15      0 
 20260707    02:46:09       0      0      0      0      0      0      0   5155     15      0 
 20260707    02:46:10       0     48     35      0      0      0      0   5153     15      0 
 20260707    02:46:11       0      0      0      0      0      0      0   5155     15      0 
 20260707    02:46:12       0      5      4      0      0      0      0   5153     15      0 
 20260707    02:46:13       0     56     35      0      0      0      0   5155     15      0 
 20260707    02:46:14       0      0      0      0      0      0      0   3617     15      0 
 20260707    02:46:15       0     91     60      0      0      0      0   5159     15      0 
 20260707    02:46:16       0     19     11      0      0      0      0   5153     15      0 
 20260707    02:46:17       0     27     17      0      0      0      0   5153     15      0 
 20260707    02:46:18       0      0      0      0      0      0      0   5153     15      0 
 20260707    02:46:19       0     47     32      0      0      0      0   5153     15      0 
 20260707    02:46:20       0      0      0      0      0      0      0   5155     15      0 
 20260707    02:46:21       0      0      0      0      0      0      0   5155     15      0 
 20260707    02:46:22       0     40      7      0      0      0      0   5157     15      0 
 20260707    02:46:23       0      0      0      0      0      0      0   5157     15      0 
 20260707    02:46:24       0     63     46      0      0      0      0   5153     15      0 
 20260707    02:46:25       0      0      0      0      0      0      0   5155     15      0 
 20260707    02:46:26       0     19     11      0      0      0      0   5153     15      0 
 20260707    02:46:27       0     43     24      0      0      0      0   5153     15      0 
 20260707    02:46:28       0      0      0      0      0      0      0   5153     15      0 
 20260707    02:46:29       0     81     55      0      0      0      0   5153     15      0 
 20260707    02:46:30       0      0      0      0      0      0      0   5155     15      0 
 20260707    02:46:31       0      0      0      0      0      0      0   5153     15      0 
 20260707    02:46:32       0     91     60      0      0      0      0   5159     15      0 
 20260707    02:46:33       0     63     38      0      0      0      0   5155     15      0 
 20260707    02:46:34       0     10      5      0      0      0      0   5153     15      0 
 20260707    02:46:35       0     18     11      0      0      0      0   5159     15      0 
 20260707    02:46:36       0     95     64      0      0      0      0   5155     15      0 
 20260707    02:46:37       0      5      4      0      0      0      0   5153     15      0 
 20260707    02:46:38       0     74     47      0      0      0      0   5155     15      0 
 20260707    02:46:39       0      0      0      0      0      0      0   5153     15      0 
 20260707    02:46:40       0     91     61      0      0      0      0   5155     15      0 
 20260707    02:46:41       0      0      0      0      0      0      0   5153     15      0 
#Date        Time         gpu     sm    mem    enc    dec    jpg    ofa     fb   bar1   ccpm 
#YYYYMMDD    HH:MM:SS     Idx      %      %      %      %      %      %     MB     MB     MB 
 20260707    02:46:42       0     54     33      0      0      0      0   5155     15      0 
 20260707    02:46:43       0     35     15      0      0      0      0   5155     15      0 
 20260707    02:46:44       0      0      0      0      0      0      0   3617     15      0 
 20260707    02:46:45       0     99     67      0      0      0      0   5157     15      0 
 20260707    02:46:46       0     19     11      0      0      0      0   5159     15      0 
 20260707    02:46:47       0      0      0      0      0      0      0   5159     15      0 
 20260707    02:46:48       0     95     61      0      0      0      0   5153     15      0 
 20260707    02:46:49       0      0      0      0      0      0      0   5155     15      0 
 20260707    02:46:50       0      0      0      0      0      0      0   5153     15      0 
 20260707    02:46:51       0     80     51      0      0      0      0   5157     15      0 
 20260707    02:46:52       0      5      4      0      0      0      0   5155     15      0 
 20260707    02:46:53       0     33     17      0      0      0      0   5155     15      0 
 20260707    02:46:54       0     99     68      0      0      0      0   5159     15      0 
 20260707    02:46:55       0      0      0      0      0      0      0   5153     15      0 
 20260707    02:46:56       0     99     68      0      0      0      0   5155     15      0 
 20260707    02:46:58       0      0      0      0      0      0      0   5153     15      0 
 20260707    02:46:59       0     91     60      0      0      0      0   5155     15      0 
 20260707    02:47:00       0      0      0      0      0      0      0   3617     15      0 
 20260707    02:47:01       0     25     17      0      0      0      0   5159     15      0 
 20260707    02:47:02       0      0      0      0      0      0      0   5153     15      0 
 20260707    02:47:03       0     49     33      0      0      0      0   5155     15      0 
 20260707    02:47:04       0      0      0      0      0      0      0   5153     15      0 
 20260707    02:47:05       0     61     41      0      0      0      0   5153     15      0 
 20260707    02:47:06       0      0      0      0      0      0      0   5153     15      0 
 20260707    02:47:07       0     19     11      0      0      0      0   5153     15      0 
 20260707    02:47:08       0     91     59      0      0      0      0   5153     15      0 
 20260707    02:47:09       0      0      0      0      0      0      0   5153     15      0 
 20260707    02:47:10       0      0      0      0      0      0      0   5153     15      0 
 20260707    02:47:11       0      0      0      0      0      0      0   5155     15      0 
 20260707    02:47:12       0      0      0      0      0      0      0   5155     15      0 
 20260707    02:47:13       0      0      0      0      0      0      0   5153     15      0 
 20260707    02:47:14       0     99     67      0      0      0      0   5155     15      0 
 20260707    02:47:15       0      0      0      0      0      0      0   5153     15      0 
 20260707    02:47:16       0     99     68      0      0      0      0   5157     15      0 
 20260707    02:47:17       0     45     31      0      0      0      0   5155     15      0 
 20260707    02:47:18       0      0      0      0      0      0      0   5155     15      0 
 20260707    02:47:19       0      0      0      0      0      0      0   5153     15      0 
 20260707    02:47:20       0     71     49      0      0      0      0   5157     15      0 
 20260707    02:47:21       0     89     56      0      0      0      0   5155     15      0 
 20260707    02:47:22       0      0      0      0      0      0      0   2043     15      0 
 20260707    02:47:23       0     48     27      0      0      0      0   5155     15      0 
 20260707    02:47:24       0      0      0      0      0      0      0   5155     15      0 
 20260707    02:47:25       0     95     64      0      0      0      0   5155     15      0 
 20260707    02:47:26       0      0      0      0      0      0      0   5155     15      0 
#Date        Time         gpu     sm    mem    enc    dec    jpg    ofa     fb   bar1   ccpm 
#YYYYMMDD    HH:MM:SS     Idx      %      %      %      %      %      %     MB     MB     MB 
 20260707    02:47:27       0      5      4      0      0      0      0   5155     15      0 
 20260707    02:47:28       0     41     21      0      0      0      0   5155     15      0 
 20260707    02:47:29       0     16      9      0      0      0      0   5157     15      0 
 20260707    02:47:30       0     19     11      0      0      0      0   5157     15      0 
 20260707    02:47:31       0     95     62      0      0      0      0   5155     15      0 
 20260707    02:47:32       0      0      0      0      0      0      0   5155     15      0 
 20260707    02:47:33       0     99     68      0      0      0      0   5155     15      0 
 20260707    02:47:34       0      0      0      0      0      0      0   2043     15      0 
 20260707    02:47:35       0     95     62      0      0      0      0   5155     15      0 
 20260707    02:47:36       0      0      0      0      0      0      0   5155     15      0 
 20260707    02:47:37       0     19     11      0      0      0      0   5155     15      0 
 20260707    02:47:38       0      0      0      0      0      0      0   5155     15      0 
 20260707    02:47:39       0     19     11      0      0      0      0   5155     15      0 
 20260707    02:47:40       0     20     11      0      0      0      0   5155     15      0 
 20260707    02:47:41       0     47     32      0      0      0      0   5157     15      0 
 20260707    02:47:42       0      0      0      0      0      0      0   5153     15      0 
 20260707    02:47:43       0     67     46      0      0      0      0   5155     15      0 
 20260707    02:47:44       0      0      0      0      0      0      0   2043     15      0 
 20260707    02:47:45       0     92     59      0      0      0      0   5155     15      0 
 20260707    02:47:46       0      0      0      0      0      0      0   5155     15      0 
 20260707    02:47:47       0     19     11      0      0      0      0   5155     15      0 
 20260707    02:47:48       0      0      0      0      0      0      0   5155     15      0 
 20260707    02:47:49       0     42     29      0      0      0      0   5153     15      0 
 20260707    02:47:50       0     14     10      0      0      0      0   5155     15      0 
 20260707    02:47:51       0      0      0      0      0      0      0   5155     15      0 
 20260707    02:47:52       0     19     11      0      0      0      0   5153     15      0 
 20260707    02:47:53       0      6      4      0      0      0      0   5155     15      0 
 20260707    02:47:54       0      0      0      0      0      0      0   2043     15      0 
 20260707    02:47:55       0     99     68      0      0      0      0   5155     15      0 
 20260707    02:47:56       0      0      0      0      0      0      0   2043     15      0 
 20260707    02:47:57       0     99     68      0      0      0      0   5153     15      0 
 20260707    02:47:58       0      8      6      0      0      0      0   5153     15      0 
 20260707    02:47:59       0      0      0      0      0      0      0   5153     15      0 
 20260707    02:48:00       0      0      0      0      0      0      0   5153     15      0 
 20260707    02:48:01       0     92     63      0      0      0      0   5155     15      0 
 20260707    02:48:02       0      0      0      0      0      0      0   5155     15      0 
 20260707    02:48:03       0      6      4      0      0      0      0   5155     15      0 
 20260707    02:48:04       0     39     20      0      0      0      0   5155     15      0 
 20260707    02:48:05       0      0      0      0      0      0      0   5153     15      0 
 20260707    02:48:06       0      5      4      0      0      0      0   5155     15      0 
 20260707    02:48:07       0      0      0      0      0      0      0   5155     15      0 
 20260707    02:48:08       0      0      0      0      0      0      0   5155     15      0 
 20260707    02:48:09       0      0      0      0      0      0      0   5155     15      0 
 20260707    02:48:10       0      5      4      0      0      0      0   5153     15      0 
#Date        Time         gpu     sm    mem    enc    dec    jpg    ofa     fb   bar1   ccpm 
#YYYYMMDD    HH:MM:SS     Idx      %      %      %      %      %      %     MB     MB     MB 
 20260707    02:48:11       0     36     19      0      0      0      0   5155     15      0 
 20260707    02:48:12       0      0      0      0      0      0      0   5153     15      0 
 20260707    02:48:13       0     44     23      0      0      0      0   5155     15      0 
 20260707    02:48:14       0      0      0      0      0      0      0   5153     15      0 
 20260707    02:48:15       0     47     26      0      0      0      0   5155     15      0 
 20260707    02:48:16       0      0      0      0      0      0      0   3617     15      0 
 20260707    02:48:17       0     95     64      0      0      0      0   5155     15      0 
 20260707    02:48:18       0      0      0      0      0      0      0   5155     15      0 
 20260707    02:48:19       0      0      0      0      0      0      0   5153     15      0 
 20260707    02:48:20       0      0      0      0      0      0      0   5155     15      0 
 20260707    02:48:21       0      0      0      0      0      0      0   5153     15      0 
 20260707    02:48:22       0     26      4      0      0      0      0   5157     15      0 
 20260707    02:48:23       0      5      4      0      0      0      0   5155     15      0 
 20260707    02:48:24       0     62     40      0      0      0      0   5155     15      0 
 20260707    02:48:25       0      0      0      0      0      0      0   5155     15      0 
 20260707    02:48:26       0     88     56      0      0      0      0   5155     15      0 
 20260707    02:48:27       0      0      0      0      0      0      0   5153     15      0 
 20260707    02:48:28       0     31     22      0      0      0      0   5155     15      0 
 20260707    02:48:29       0      0      0      0      0      0      0   3617     15      0 
 20260707    02:48:30       0     54     37      0      0      0      0   5153     15      0 
 20260707    02:48:31       0     35     19      0      0      0      0   5155     15      0 
 20260707    02:48:32       0      0      0      0      0      0      0   5153     15      0 
 20260707    02:48:33       0     99     67      0      0      0      0   5155     15      0 
 20260707    02:48:34       0      0      0      0      0      0      0   5155     15      0 
 20260707    02:48:35       0      0      0      0      0      0      0   5153     15      0 
 20260707    02:48:36       0     60     36      0      0      0      0   5153     15      0 
 20260707    02:48:37       0      0      0      0      0      0      0   5153     15      0 
 20260707    02:48:38       0      0      0      0      0      0      0   5157     15      0 
 20260707    02:48:39       0     47     32      0      0      0      0   5153     15      0 
 20260707    02:48:40       0     79     54      0      0      0      0   5155     15      0 
 20260707    02:48:41       0      0      0      0      0      0      0   5155     15      0 
 20260707    02:48:42       0      0      0      0      0      0      0   5153     15      0 
 20260707    02:48:43       0     99     68      0      0      0      0   5155     15      0 
 20260707    02:48:44       0      0      0      0      0      0      0   5153     15      0 
 20260707    02:48:45       0     99     68      0      0      0      0   5155     15      0 
 20260707    02:48:46       0      0      0      0      0      0      0   5155     15      0 
 20260707    02:48:47       0      0      0      0      0      0      0   5153     15      0 
 20260707    02:48:48       0     85     77      0      0      0      0   5155     15      0 
 20260707    02:48:49       0      0      0      0      0      0      0   5155     15      0 
 20260707    02:48:50       0      0      0      0      0      0      0   5153     15      0 
 20260707    02:48:51       0     62     56      0      0      0      0   5155     15      0 
 20260707    02:48:52       0      0      0      0      0      0      0   5155     15      0 
 20260707    02:48:53       0      0      0      0      0      0      0   5155     15      0 
 20260707    02:48:54       0     37     19      0      0      0      0   5155     15      0 
#Date        Time         gpu     sm    mem    enc    dec    jpg    ofa     fb   bar1   ccpm 
#YYYYMMDD    HH:MM:SS     Idx      %      %      %      %      %      %     MB     MB     MB 
 20260707    02:48:55       0      0      0      0      0      0      0   5153     15      0 
 20260707    02:48:56       0     99     68      0      0      0      0   5155     15      0 
 20260707    02:48:57       0      0      0      0      0      0      0   5153     15      0 
 20260707    02:48:58       0     19     11      0      0      0      0   5155     15      0 
 20260707    02:48:59       0      0      0      0      0      0      0   3617     15      0 
 20260707    02:49:00       0      3      2      0      0      0      0   5155     15      0 
 20260707    02:49:01       0      0      0      0      0      0      0   5155     15      0 
 20260707    02:49:02       0     55     49      0      0      0      0   5153     15      0 
 20260707    02:49:03       0      0      0      0      0      0      0   5153     15      0 
 20260707    02:49:04       0      0      0      0      0      0      0   5153     15      0 
 20260707    02:49:05       0     47     24      0      0      0      0   5155     15      0 
 20260707    02:49:06       0      0      0      0      0      0      0   5155     15      0 
 20260707    02:49:07       0     47     13      0      0      0      0   5157     15      0 
 20260707    02:49:08       0      0      0      0      0      0      0   5157     15      0 
 20260707    02:49:09       0     26     18      0      0      0      0   5153     15      0 
 20260707    02:49:10       0      0      0      0      0      0      0   5155     15      0 
 20260707    02:49:11       0     47     29      0      0      0      0   5153     15      0 
 20260707    02:49:12       0      0      0      0      0      0      0   5155     15      0 
 20260707    02:49:13       0     99     68      0      0      0      0   5153     15      0 
 20260707    02:49:14       0      0      0      0      0      0      0   5155     15      0 
 20260707    02:49:15       0      0      0      0      0      0      0   5155     15      0 
 20260707    02:49:16       0     42     35      0      0      0      0   5153     15      0 
 20260707    02:49:17       0      0      0      0      0      0      0   5155     15      0 
 20260707    02:49:18       0     99     68      0      0      0      0   5153     15      0 
 20260707    02:49:19       0      0      0      0      0      0      0   5155     15      0 
 20260707    02:49:20       0      0      0      0      0      0      0   5155     15      0 
 20260707    02:49:21       0      0      0      0      0      0      0   5153     15      0 
 20260707    02:49:22       0      0      0      0      0      0      0   5155     15      0 
 20260707    02:49:23       0      0      0      0      0      0      0   2043     15      0 
 20260707    02:49:24       0     99     68      0      0      0      0   5155     15      0 
 20260707    02:49:25       0      0      0      0      0      0      0   5155     15      0 
 20260707    02:49:26       0     88     56      0      0      0      0   5155     15      0 
 20260707    02:49:27       0      0      0      0      0      0      0   5155     15      0 
 20260707    02:49:28       0      5      4      0      0      0      0   5153     15      0 
 20260707    02:49:29       0     26     10      0      0      0      0   5159     15      0 
 20260707    02:49:30       0     93     63      0      0      0      0   5155     15      0 
 20260707    02:49:31       0      5      4      0      0      0      0   5153     15      0 
 20260707    02:49:32       0     88     56      0      0      0      0   5155     15      0 
 20260707    02:49:33       0      0      0      0      0      0      0   2043     15      0 
 20260707    02:49:34       0     59     40      0      0      0      0   5155     15      0 
 20260707    02:49:35       0      0      0      0      0      0      0   5155     15      0 
 20260707    02:49:36       0     95     63      0      0      0      0   5153     15      0 
 20260707    02:49:37       0      0      0      0      0      0      0   5155     15      0 
 20260707    02:49:38       0      0      0      0      0      0      0   3617     15      0 
#Date        Time         gpu     sm    mem    enc    dec    jpg    ofa     fb   bar1   ccpm 
#YYYYMMDD    HH:MM:SS     Idx      %      %      %      %      %      %     MB     MB     MB 
 20260707    02:49:39       0     91     59      0      0      0      0   5155     15      0 
 20260707    02:49:40       0      5      4      0      0      0      0   5153     15      0 
 20260707    02:49:41       0     58     35      0      0      0      0   5155     15      0 
 20260707    02:49:42       0      0      0      0      0      0      0   5155     15      0 
 20260707    02:49:43       0      6      4      0      0      0      0   5153     15      0 
 20260707    02:49:44       0     28     11      0      0      0      0   2043     15      0 
 20260707    02:49:45       0      0      0      0      0      0      0   5155     15      0 
 20260707    02:49:46       0      0      0      0      0      0      0   5155     15      0 
 20260707    02:49:47       0     95     65      0      0      0      0   5155     15      0 
 20260707    02:49:48       0      0      0      0      0      0      0   5155     15      0 
 20260707    02:49:49       0      5      4      0      0      0      0   5153     15      0 
 20260707    02:49:50       0     43     23      0      0      0      0   5155     15      0 
 20260707    02:49:51       0      0      0      0      0      0      0   5155     15      0 
 20260707    02:49:52       0     19     11      0      0      0      0   5153     15      0 
 20260707    02:49:53       0     39     21      0      0      0      0   5155     15      0 
 20260707    02:49:54       0      0      0      0      0      0      0   5155     15      0 
 20260707    02:49:55       0      0      0      0      0      0      0   5153     15      0 
 20260707    02:49:56       0     92     60      0      0      0      0   5155     15      0 
 20260707    02:49:57       0      0      0      0      0      0      0   5155     15      0 
 20260707    02:49:58       0     95     64      0      0      0      0   5157     15      0 
 20260707    02:49:59       0      0      0      0      0      0      0   3617     15      0 
 20260707    02:50:00       0     99     68      0      0      0      0   5155     15      0 
 20260707    02:50:01       0     50     28      0      0      0      0   5155     15      0 
 20260707    02:50:02       0      0      0      0      0      0      0   5155     15      0 
 20260707    02:50:03       0      0      0      0      0      0      0   5153     15      0 
 20260707    02:50:04       0     84     54      0      0      0      0   5155     15      0 
 20260707    02:50:05       0     19     11      0      0      0      0   5155     15      0 
 20260707    02:50:06       0      0      0      0      0      0      0   5155     15      0 
 20260707    02:50:07       0     66     45      0      0      0      0   5155     15      0 
 20260707    02:50:08       0      0      0      0      0      0      0   5155     15      0 
 20260707    02:50:09       0     95     61      0      0      0      0   5153     15      0 
 20260707    02:50:10       0      0      0      0      0      0      0   5155     15      0 
 20260707    02:50:12       0      0      0      0      0      0      0   5153     15      0 
 20260707    02:50:13       0     88     56      0      0      0      0   5155     15      0 
 20260707    02:50:14       0      0      0      0      0      0      0   2043     15      0 
 20260707    02:50:15       0     18      0      0      0      0      0   5155     15      0 
 20260707    02:50:16       0     19     11      0      0      0      0   5157     15      0 
 20260707    02:50:17       0      0      0      0      0      0      0   5153     15      0 
 20260707    02:50:18       0     65     45      0      0      0      0   5155     15      0 
 20260707    02:50:19       0     95     64      0      0      0      0   5157     15      0 
 20260707    02:50:20       0      5      4      0      0      0      0   5159     15      0 
 20260707    02:50:21       0     27     11      0      0      0      0   3617     15      0 
 20260707    02:50:22       0     23     16      0      0      0      0   5155     15      0 
 20260707    02:50:23       0      0      0      0      0      0      0   5155     15      0 
#Date        Time         gpu     sm    mem    enc    dec    jpg    ofa     fb   bar1   ccpm 
#YYYYMMDD    HH:MM:SS     Idx      %      %      %      %      %      %     MB     MB     MB 
 20260707    02:50:24       0      0      0      0      0      0      0   5153     15      0 
 20260707    02:50:25       0     15      7      0      0      0      0   5153     15      0 
 20260707    02:50:26       0     99     68      0      0      0      0   5155     15      0 
 20260707    02:50:27       0      0      0      0      0      0      0   5155     15      0 
 20260707    02:50:28       0     99     68      0      0      0      0   5153     15      0 
 20260707    02:50:29       0      0      0      0      0      0      0   5155     15      0 
 20260707    02:50:30       0      0      0      0      0      0      0   5155     15      0 
 20260707    02:50:31       0     19     11      0      0      0      0   5153     15      0 
 20260707    02:50:32       0     34     17      0      0      0      0   5155     15      0 
 20260707    02:50:33       0      0      0      0      0      0      0   5155     15      0 
 20260707    02:50:34       0     47     32      0      0      0      0   5155     15      0 
 20260707    02:50:35       0      0      0      0      0      0      0   5155     15      0 
 20260707    02:50:36       0      0      0      0      0      0      0   5153     15      0 
 20260707    02:50:37       0     49     34      0      0      0      0   5155     15      0 
 20260707    02:50:38       0      0      0      0      0      0      0   5153     15      0 
 20260707    02:50:39       0     62     42      0      0      0      0   5159     15      0 
 20260707    02:50:40       0      5      4      0      0      0      0   5157     15      0 
 20260707    02:50:41       0     41     20      0      0      0      0   5157     15      0 
 20260707    02:50:42       0     19     11      0      0      0      0   5153     15      0 
 20260707    02:50:43       0     38     27      0      0      0      0   5153     15      0 
 20260707    02:50:44       0      0      0      0      0      0      0   5153     15      0 
 20260707    02:50:45       0      0      0      0      0      0      0   5153     15      0 
 20260707    02:50:46       0     99     67      0      0      0      0   5155     15      0 
 20260707    02:50:47       0      0      0      0      0      0      0   5153     15      0 
 20260707    02:50:48       0     99     68      0      0      0      0   3617     15      0 
 20260707    02:50:49       0     37     24      0      0      0      0   2043     15      0 
 20260707    02:50:50       0     95     62      0      0      0      0   5155     15      0 
 20260707    02:50:51       0      5      4      0      0      0      0   5153     15      0 
 20260707    02:50:52       0     38     21      0      0      0      0   5155     15      0 
 20260707    02:50:53       0      0      0      0      0      0      0   5155     15      0 
 20260707    02:50:54       0      0      0      0      0      0      0   5159     15      0 
 20260707    02:50:55       0     88     56      0      0      0      0   5159     15      0 
 20260707    02:50:56       0     99     68      0      0      0      0   5157     15      0 
 20260707    02:50:57       0      0      0      0      0      0      0   5153     15      0 
 20260707    02:50:58       0     39     27      0      0      0      0   5155     15      0 
 20260707    02:50:59       0      0      0      0      0      0      0   5153     15      0 
 20260707    02:51:00       0     34     23      0      0      0      0   2043     15      0 
 20260707    02:51:01       0     99     68      0      0      0      0   5157     15      0 
 20260707    02:51:02       0      0      0      0      0      0      0   5153     15      0 
 20260707    02:51:03       0     32     22      0      0      0      0   2043     15      0 
 20260707    02:51:04       0     99     68      0      0      0      0   5153     15      0 
 20260707    02:51:05       0      0      0      0      0      0      0   5155     15      0 
 20260707    02:51:06       0      0      0      0      0      0      0   5155     15      0 
 20260707    02:51:07       0     19     11      0      0      0      0   5155     15      0 
#Date        Time         gpu     sm    mem    enc    dec    jpg    ofa     fb   bar1   ccpm 
#YYYYMMDD    HH:MM:SS     Idx      %      %      %      %      %      %     MB     MB     MB 
 20260707    02:51:08       0      5      4      0      0      0      0   5153     15      0 
 20260707    02:51:09       0     89     56      0      0      0      0   5155     15      0 
 20260707    02:51:10       0      0      0      0      0      0      0   5155     15      0 
 20260707    02:51:11       0     60     40      0      0      0      0   5153     15      0 
 20260707    02:51:12       0      0      0      0      0      0      0   5155     15      0 
 20260707    02:51:13       0      0      0      0      0      0      0   5153     15      0 
 20260707    02:51:14       0     45     28      0      0      0      0   5155     15      0 
 20260707    02:51:15       0      0      0      0      0      0      0   5155     15      0 
 20260707    02:51:16       0      0      0      0      0      0      0   5153     15      0 
 20260707    02:51:17       0      0      0      0      0      0      0   5155     15      0 
 20260707    02:51:18       0      0      0      0      0      0      0   2043     15      0 
 20260707    02:51:19       0     99     67      0      0      0      0   5159     15      0 
 20260707    02:51:20       0      0      0      0      0      0      0   5159     15      0 
 20260707    02:51:21       0     99     68      0      0      0      0   5153     15      0 
 20260707    02:51:22       0     59     35      0      0      0      0   5157     15      0 
 20260707    02:51:23       0      0      0      0      0      0      0   5153     15      0 
 20260707    02:51:24       0     52     35      0      0      0      0   5155     15      0 
 20260707    02:51:25       0      0      0      0      0      0      0   5155     15      0 
 20260707    02:51:26       0      0      0      0      0      0      0   5153     15      0 
 20260707    02:51:27       0     94     61      0      0      0      0   5159     15      0 
 20260707    02:51:28       0      0      0      0      0      0      0   5153     15      0 
 20260707    02:51:29       0     30      8      0      0      0      0   5157     15      0 
 20260707    02:51:30       0      0      0      0      0      0      0   5155     15      0 
 20260707    02:51:31       0     83     53      0      0      0      0   5153     15      0 
 20260707    02:51:32       0     92     58      0      0      0      0   5157     15      0 
 20260707    02:51:33       0      5      4      0      0      0      0   5153     15      0 
 20260707    02:51:34       0     88     56      0      0      0      0   5155     15      0 
 20260707    02:51:35       0      0      0      0      0      0      0   5157     15      0 
 20260707    02:51:36       0      0      0      0      0      0      0   5157     15      0 
 20260707    02:51:37       0      5      4      0      0      0      0   5157     15      0 
 20260707    02:51:38       0     10      5      0      0      0      0   5155     15      0 
 20260707    02:51:39       0     75     52      0      0      0      0   5153     15      0 
 20260707    02:51:40       0     99     68      0      0      0      0   5157     15      0 
 20260707    02:51:41       0      0      0      0      0      0      0   5153     15      0 
 20260707    02:51:42       0     85     54      0      0      0      0   5159     15      0 
 20260707    02:51:43       0      0      0      0      0      0      0   5155     15      0 
 20260707    02:51:44       0      0      0      0      0      0      0   3617     15      0 
 20260707    02:51:45       0     50     35      0      0      0      0   5155     15      0 
 20260707    02:51:46       0      0      0      0      0      0      0   2043     15      0 
 20260707    02:51:47       0     19     11      0      0      0      0   5159     15      0 
 20260707    02:51:48       0      0      0      0      0      0      0   5157     15      0 
 20260707    02:51:49       0     90     60      0      0      0      0   5153     15      0 
 20260707    02:51:50       0     45     17      0      0      0      0   3617     15      0 
 20260707    02:51:51       0     28     16      0      0      0      0   5159     15      0 
#Date        Time         gpu     sm    mem    enc    dec    jpg    ofa     fb   bar1   ccpm 
#YYYYMMDD    HH:MM:SS     Idx      %      %      %      %      %      %     MB     MB     MB 
 20260707    02:51:52       0      0      0      0      0      0      0   5153     15      0 
 20260707    02:51:53       0     49     40      0      0      0      0   5155     15      0 
 20260707    02:51:54       0      0      0      0      0      0      0   5153     15      0 
 20260707    02:51:55       0     84     57      0      0      0      0   5155     15      0 
 20260707    02:51:56       0      0      0      0      0      0      0   5155     15      0 
 20260707    02:51:57       0      0      0      0      0      0      0   5153     15      0 
 20260707    02:51:58       0     99     68      0      0      0      0   5155     15      0 
 20260707    02:51:59       0      0      0      0      0      0      0   5155     15      0 
 20260707    02:52:00       0      0      0      0      0      0      0   5153     15      0 
 20260707    02:52:01       0     91     58      0      0      0      0   5155     15      0 
 20260707    02:52:02       0      0      0      0      0      0      0   5153     15      0 
 20260707    02:52:03       0     95     61      0      0      0      0   5155     15      0 
 20260707    02:52:04       0      0      0      0      0      0      0   5155     15      0 
 20260707    02:52:05       0      0      0      0      0      0      0   5155     15      0 
 20260707    02:52:06       0     52     28      0      0      0      0   5155     15      0 
 20260707    02:52:07       0      0      0      0      0      0      0   5153     15      0 
 20260707    02:52:08       0     90     57      0      0      0      0   5155     15      0 
 20260707    02:52:09       0      0      0      0      0      0      0   5153     15      0 
 20260707    02:52:10       0     95     61      0      0      0      0   4129     15      0 
 20260707    02:52:11       0      0      0      0      0      0      0   5155     15      0 
 20260707    02:52:12       0     54     31      0      0      0      0   5159     15      0 
 20260707    02:52:13       0      0      0      0      0      0      0   5159     15      0 
 20260707    02:52:14       0      0      0      0      0      0      0   5157     15      0 
 20260707    02:52:15       0     88     56      0      0      0      0   5157     15      0 
 20260707    02:52:16       0     55     33      0      0      0      0   3617     15      0 
 20260707    02:52:17       0      5      4      0      0      0      0   5159     15      0 
 20260707    02:52:18       0     31     15      0      0      0      0   5153     15      0 
 20260707    02:52:19       0     93     62      0      0      0      0   5153     15      0 
 20260707    02:52:20       0      0      0      0      0      0      0   2043     15      0 
 20260707    02:52:21       0      3      2      0      0      0      0   5153     15      0 
 20260707    02:52:22       0     91     61      0      0      0      0   5153     15      0 
 20260707    02:52:23       0      0      0      0      0      0      0   5153     15      0 
 20260707    02:52:24       0      0      0      0      0      0      0   5153     15      0 
 20260707    02:52:25       0      0      0      0      0      0      0   5153     15      0 
 20260707    02:52:26       0     12      6      0      0      0      0   5153     15      0 
 20260707    02:52:27       0     22     15      0      0      0      0   5157     15      0 
 20260707    02:52:28       0      5      4      0      0      0      0   3617     15      0 
 20260707    02:52:29       0     33     16      0      0      0      0   5155     15      0 
 20260707    02:52:30       0      5      3      0      0      0      0   5153     15      0 
 20260707    02:52:31       0     30     18      0      0      0      0   5155     15      0 
 20260707    02:52:32       0      5      4      0      0      0      0   3617     15      0 
 20260707    02:52:33       0     44     25      0      0      0      0   5155     15      0 
 20260707    02:52:34       0      0      0      0      0      0      0   5155     15      0 
 20260707    02:52:35       0     99     68      0      0      0      0   5153     15      0 
#Date        Time         gpu     sm    mem    enc    dec    jpg    ofa     fb   bar1   ccpm 
#YYYYMMDD    HH:MM:SS     Idx      %      %      %      %      %      %     MB     MB     MB 
 20260707    02:52:36       0      0      0      0      0      0      0   5155     15      0 
 20260707    02:52:37       0     81     52      0      0      0      0   5159     15      0 
 20260707    02:52:38       0      0      0      0      0      0      0   2043     15      0 
 20260707    02:52:39       0     90     58      0      0      0      0   5155     15      0 
 20260707    02:52:40       0      0      0      0      0      0      0   3617     15      0 
 20260707    02:52:41       0     69     44      0      0      0      0   5155     15      0 
 20260707    02:52:42       0      0      0      0      0      0      0   3617     15      0 
 20260707    02:52:43       0     83     53      0      0      0      0   5159     15      0 
 20260707    02:52:44       0     45     31      0      0      0      0   5153     15      0 
 20260707    02:52:45       0      0      0      0      0      0      0   5153     15      0 
 20260707    02:52:46       0      0      0      0      0      0      0   5153     15      0 
 20260707    02:52:47       0      0      0      0      0      0      0   5155     15      0 
 20260707    02:52:48       0      0      0      0      0      0      0   2043     15      0 
 20260707    02:52:49       0     32     22      0      0      0      0   5153     15      0 
 20260707    02:52:50       0      0      0      0      0      0      0   5155     15      0 
 20260707    02:52:51       0      0      0      0      0      0      0   2043     15      0 
 20260707    02:52:52       0     50     35      0      0      0      0   5153     15      0 
 20260707    02:52:53       0      0      0      0      0      0      0   5155     15      0 
 20260707    02:52:54       0      0      0      0      0      0      0   3617     15      0 
 20260707    02:52:55       0     91     59      0      0      0      0   5153     15      0 
 20260707    02:52:56       0      0      0      0      0      0      0   5153     15      0 
 20260707    02:52:57       0     27      3      0      0      0      0   5159     15      0 
 20260707    02:52:58       0      5      4      0      0      0      0   5153     15      0 
 20260707    02:52:59       0     40     20      0      0      0      0   5155     15      0 
 20260707    02:53:00       0      0      0      0      0      0      0   5155     15      0 
 20260707    02:53:01       0     46     14      0      0      0      0   5159     15      0 
 20260707    02:53:02       0      0      0      0      0      0      0   2043     15      0 
 20260707    02:53:03       0     99     67      0      0      0      0   5155     15      0 
 20260707    02:53:04       0     71     45      0      0      0      0   5157     15      0 
 20260707    02:53:05       0     26     15      0      0      0      0   5153     15      0 
 20260707    02:53:06       0      0      0      0      0      0      0   2043     15      0 
 20260707    02:53:07       0     99     68      0      0      0      0   5157     15      0 
 20260707    02:53:08       0     27     10      0      0      0      0   5155     15      0 
 20260707    02:53:09       0     99     68      0      0      0      0   5157     15      0 
 20260707    02:53:10       0      5      4      0      0      0      0   5153     15      0 
 20260707    02:53:11       0     23      7      0      0      0      0   2043     15      0 
 20260707    02:53:12       0     92     63      0      0      0      0   5159     15      0 
 20260707    02:53:13       0      4      3      0      0      0      0   5153     15      0 
 20260707    02:53:14       0     22     14      0      0      0      0   5157     15      0 
 20260707    02:53:15       0      0      0      0      0      0      0   5155     15      0 
 20260707    02:53:16       0      0      0      0      0      0      0   5155     15      0 
 20260707    02:53:17       0     59     40      0      0      0      0   5153     15      0 
 20260707    02:53:18       0      0      0      0      0      0      0   5155     15      0 
 20260707    02:53:19       0      5      4      0      0      0      0   5153     15      0 
#Date        Time         gpu     sm    mem    enc    dec    jpg    ofa     fb   bar1   ccpm 
#YYYYMMDD    HH:MM:SS     Idx      %      %      %      %      %      %     MB     MB     MB 
 20260707    02:53:20       0     91     61      0      0      0      0   5155     15      0 
 20260707    02:53:21       0      0      0      0      0      0      0   5155     15      0 
 20260707    02:53:22       0      0      0      0      0      0      0   5155     15      0 
 20260707    02:53:23       0     54     31      0      0      0      0   5157     15      0 
 20260707    02:53:24       0     19     11      0      0      0      0   5153     15      0 
 20260707    02:53:25       0     59     37      0      0      0      0   5155     15      0 
 20260707    02:53:26       0      0      0      0      0      0      0   5155     15      0 
 20260707    02:53:27       0      0      0      0      0      0      0   5153     15      0 
 20260707    02:53:28       0     50     34      0      0      0      0   5155     15      0 
 20260707    02:53:29       0      0      0      0      0      0      0   5155     15      0 
 20260707    02:53:30       0     13      7      0      0      0      0   5155     15      0 
 20260707    02:53:31       0      0      0      0      0      0      0   2043     15      0 
 20260707    02:53:32       0      0      0      0      0      0      0   5155     15      0 
 20260707    02:53:34       0      0      0      0      0      0      0   5155     15      0 
 20260707    02:53:35       0     51     19      0      0      0      0   5157     15      0 
 20260707    02:53:36       0     43     30      0      0      0      0   5155     15      0 
 20260707    02:53:37       0      0      0      0      0      0      0   5155     15      0 
 20260707    02:53:38       0      0      0      0      0      0      0   3617     15      0 
 20260707    02:53:39       0     19     13      0      0      0      0   5155     15      0 
 20260707    02:53:40       0      0      0      0      0      0      0   5155     15      0 
 20260707    02:53:41       0     52     23      0      0      0      0   5155     15      0 
 20260707    02:53:42       0     19     11      0      0      0      0   5157     15      0 
 20260707    02:53:43       0      0      0      0      0      0      0   5153     15      0 
 20260707    02:53:44       0     91     62      0      0      0      0   2043     15      0 
 20260707    02:53:45       0     95     62      0      0      0      0   5157     15      0 
 20260707    02:53:46       0      0      0      0      0      0      0   5153     15      0 
 20260707    02:53:47       0     34     23      0      0      0      0   5155     15      0 
 20260707    02:53:48       0     92     62      0      0      0      0   5155     15      0 
 20260707    02:53:49       0      0      0      0      0      0      0   2043     15      0 
 20260707    02:53:50       0     27      5      0      0      0      0   5157     15      0 
 20260707    02:53:51       0      0      0      0      0      0      0   2667     15      0 
 20260707    02:53:52       0     37     25      0      0      0      0   5155     15      0 
 20260707    02:53:53       0      0      0      0      0      0      0   5155     15      0 
 20260707    02:53:54       0     99     68      0      0      0      0   5153     15      0 
 20260707    02:53:55       0      0      0      0      0      0      0   5155     15      0 
 20260707    02:53:56       0     19     11      0      0      0      0   5153     15      0 
 20260707    02:53:57       0     26     15      0      0      0      0   5155     15      0 
 20260707    02:53:58       0      0      0      0      0      0      0   5153     15      0 
 20260707    02:53:59       0     99     68      0      0      0      0   5155     15      0 
 20260707    02:54:00       0      0      0      0      0      0      0   5155     15      0 
 20260707    02:54:01       0     95     63      0      0      0      0   5155     15      0 
 20260707    02:54:02       0      0      0      0      0      0      0   5155     15      0 
 20260707    02:54:03       0     82     56      0      0      0      0   5157     15      0 
 20260707    02:54:04       0      0      0      0      0      0      0   5153     15      0 
#Date        Time         gpu     sm    mem    enc    dec    jpg    ofa     fb   bar1   ccpm 
#YYYYMMDD    HH:MM:SS     Idx      %      %      %      %      %      %     MB     MB     MB 
 20260707    02:54:05       0     90     62      0      0      0      0   5157     15      0 
 20260707    02:54:06       0      5      4      0      0      0      0   5153     15      0 
 20260707    02:54:07       0     56     33      0      0      0      0   5155     15      0 
 20260707    02:54:08       0      0      0      0      0      0      0   5155     15      0 
 20260707    02:54:09       0     99     68      0      0      0      0   5155     15      0 
 20260707    02:54:10       0      0      0      0      0      0      0   5155     15      0 
 20260707    02:54:11       0      5      4      0      0      0      0   5155     15      0 
 20260707    02:54:12       0     39     19      0      0      0      0   5155     15      0 
 20260707    02:54:13       0     19     11      0      0      0      0   5159     15      0 
 20260707    02:54:14       0      0      0      0      0      0      0   3617     15      0 
 20260707    02:54:15       0     18      2      0      0      0      0   5157     15      0 
 20260707    02:54:16       0     19     11      0      0      0      0   5157     15      0 
 20260707    02:54:17       0      0      0      0      0      0      0   5153     15      0 
 20260707    02:54:18       0     11      8      0      0      0      0   5159     15      0 
 20260707    02:54:19       0     19     11      0      0      0      0   5157     15      0 
 20260707    02:54:20       0      0      0      0      0      0      0   5153     15      0 
 20260707    02:54:21       0     44     27      0      0      0      0   5155     15      0 
 20260707    02:54:22       0      0      0      0      0      0      0   5155     15      0 
 20260707    02:54:23       0      4      2      0      0      0      0   5157     15      0 
 20260707    02:54:24       0     40     20      0      0      0      0   5153     15      0 
 20260707    02:54:25       0     46     38      0      0      0      0   5155     15      0 
 20260707    02:54:26       0      0      0      0      0      0      0   5155     15      0 
 20260707    02:54:27       0      0      0      0      0      0      0   5153     15      0 
 20260707    02:54:28       0     67     45      0      0      0      0   5153     15      0 
 20260707    02:54:29       0      0      0      0      0      0      0   5153     15      0 
 20260707    02:54:30       0      0      0      0      0      0      0   5153     15      0 
 20260707    02:54:31       0      0      0      0      0      0      0   5155     15      0 
 20260707    02:54:32       0      0      0      0      0      0      0   5155     15      0 
 20260707    02:54:33       0      5      4      0      0      0      0   5153     15      0 
 20260707    02:54:34       0     91     58      0      0      0      0   5155     15      0 
 20260707    02:54:35       0      0      0      0      0      0      0   5155     15      0 
 20260707    02:54:36       0      1      1      0      0      0      0   5155     15      0 
 20260707    02:54:37       0     39     21      0      0      0      0   5155     15      0 
 20260707    02:54:38       0      0      0      0      0      0      0   5153     15      0 
 20260707    02:54:39       0     35     24      0      0      0      0   5155     15      0 
 20260707    02:54:40       0      0      0      0      0      0      0   5155     15      0 
 20260707    02:54:41       0      0      0      0      0      0      0   5153     15      0 
 20260707    02:54:42       0      0      0      0      0      0      0   5157     15      0 
 20260707    02:54:43       0      5      4      0      0      0      0   5157     15      0 
 20260707    02:54:44       0     39     21      0      0      0      0   5157     15      0 
 20260707    02:54:45       0     22     12      0      0      0      0   5153     15      0 
 20260707    02:54:46       0     91     59      0      0      0      0   5155     15      0 
 20260707    02:54:47       0      0      0      0      0      0      0   5153     15      0 
 20260707    02:54:48       0     69     56      0      0      0      0   5155     15      0 
#Date        Time         gpu     sm    mem    enc    dec    jpg    ofa     fb   bar1   ccpm 
#YYYYMMDD    HH:MM:SS     Idx      %      %      %      %      %      %     MB     MB     MB 
 20260707    02:54:49       0      0      0      0      0      0      0   5155     15      0 
 20260707    02:54:50       0      0      0      0      0      0      0   5155     15      0 
 20260707    02:54:51       0      0      0      0      0      0      0   5155     15      0 
 20260707    02:54:52       0      0      0      0      0      0      0   2043     15      0 
 20260707    02:54:53       0      0      0      0      0      0      0   2043     15      0 
 20260707    02:54:54       0      0      0      0      0      0      0   2043     15      0 
 20260707    02:54:55       0      0      0      0      0      0      0   2043     15      0 
 20260707    02:54:56       0      0      0      0      0      0      0   2043     15      0 
