#Date        Time         gpu     sm    mem    enc    dec    jpg    ofa     fb   bar1   ccpm 
#YYYYMMDD    HH:MM:SS     Idx      %      %      %      %      %      %     MB     MB     MB 
 20260707    02:36:31       0      0      0      0      0      0      0     92     13      0 
 20260707    02:36:32       0      0      0      0      0      0      0     92     13      0 
 20260707    02:36:33       0      0      0      0      0      0      0     92     13      0 
 20260707    02:36:34       0      0      0      0      0      0      0     92     13      0 
 20260707    02:36:35       0      0      0      0      0      0      0     92     13      0 
 20260707    02:36:36       0      0      0      0      0      0      0     92     13      0 
 20260707    02:36:37       0      0      0      0      0      0      0     92     13      0 
 20260707    02:36:38       0      0      0      0      0      0      0    685     15      0 
 20260707    02:36:39       0      0      0      0      0      0      0   1969     15      0 
 20260707    02:36:40       0      8      7      0      0      0      0   2241     15      0 
 20260707    02:36:41       0     34     21      0      0      0      0   2347     15      0 
 20260707    02:36:42       0      0      0      0      0      0      0   4419     15      0 
 20260707    02:36:43       0      0      0      0      0      0      0   4419     15      0 
 20260707    02:36:44       0     27     22      0      0      0      0   5153     15      0 
 20260707    02:36:45       0      0      0      0      0      0      0   5155     15      0 
 20260707    02:36:46       0      0      0      0      0      0      0   5155     15      0 
 20260707    02:36:47       0     58     40      0      0      0      0   5153     15      0 
 20260707    02:36:48       0      0      0      0      0      0      0   5155     15      0 
 20260707    02:36:49       0     84     54      0      0      0      0   5155     15      0 
 20260707    02:36:50       0      0      0      0      0      0      0   5155     15      0 
 20260707    02:36:51       0     23     16      0      0      0      0   5155     15      0 
 20260707    02:36:52       0      0      0      0      0      0      0   5155     15      0 
 20260707    02:36:53       0      0      0      0      0      0      0   5153     15      0 
 20260707    02:36:54       0      0      0      0      0      0      0   5155     15      0 
 20260707    02:36:55       0      8      4      0      0      0      0   5153     15      0 
 20260707    02:36:56       0     90     57      0      0      0      0   5153     15      0 
 20260707    02:36:57       0      0      0      0      0      0      0   5153     15      0 
 20260707    02:36:58       0     19     11      0      0      0      0   5153     15      0 
 20260707    02:36:59       0     22     14      0      0      0      0   5155     15      0 
 20260707    02:37:00       0      0      0      0      0      0      0   5155     15      0 
 20260707    02:37:01       0      0      0      0      0      0      0   5155     15      0 
 20260707    02:37:02       0      0      0      0      0      0      0   5155     15      0 
 20260707    02:37:03       0     91     61      0      0      0      0   5153     15      0 
 20260707    02:37:04       0      0      0      0      0      0      0   5155     15      0 
 20260707    02:37:05       0      0      0      0      0      0      0   5155     15      0 
 20260707    02:37:06       0     45     31      0      0      0      0   5155     15      0 
 20260707    02:37:07       0      0      0      0      0      0      0   5155     15      0 
 20260707    02:37:08       0     42     36      0      0      0      0   5153     15      0 
 20260707    02:37:09       0      0      0      0      0      0      0   5153     15      0 
 20260707    02:37:10       0      0      0      0      0      0      0   5153     15      0 
 20260707    02:37:11       0      0      0      0      0      0      0   5155     15      0 
 20260707    02:37:12       0      0      0      0      0      0      0   5155     15      0 
 20260707    02:37:13       0     48     32      0      0      0      0   5153     15      0 
 20260707    02:37:14       0      0      0      0      0      0      0   5157     15      0 
#Date        Time         gpu     sm    mem    enc    dec    jpg    ofa     fb   bar1   ccpm 
#YYYYMMDD    HH:MM:SS     Idx      %      %      %      %      %      %     MB     MB     MB 
 20260707    02:37:15       0     25     11      0      0      0      0   5153     15      0 
 20260707    02:37:16       0     78     53      0      0      0      0   5157     15      0 
 20260707    02:37:17       0      0      0      0      0      0      0   2043     15      0 
 20260707    02:37:18       0     83     57      0      0      0      0   5157     15      0 
 20260707    02:37:19       0     87     59      0      0      0      0   5159     15      0 
 20260707    02:37:20       0      0      0      0      0      0      0   5159     15      0 
 20260707    02:37:21       0     38     18      0      0      0      0   5155     15      0 
 20260707    02:37:22       0      0      0      0      0      0      0   5155     15      0 
 20260707    02:37:23       0     91     60      0      0      0      0   5155     15      0 
 20260707    02:37:24       0      0      0      0      0      0      0   5153     15      0 
 20260707    02:37:25       0     75     48      0      0      0      0   5157     15      0 
 20260707    02:37:26       0     82     69      0      0      0      0   5153     15      0 
 20260707    02:37:27       0      0      0      0      0      0      0   5155     15      0 
 20260707    02:37:28       0      0      0      0      0      0      0   5155     15      0 
 20260707    02:37:29       0     76     62      0      0      0      0   5153     15      0 
 20260707    02:37:30       0      0      0      0      0      0      0   5155     15      0 
 20260707    02:37:31       0      0      0      0      0      0      0   3617     15      0 
 20260707    02:37:32       0     99     68      0      0      0      0   5157     15      0 
 20260707    02:37:33       0      5      4      0      0      0      0   5153     15      0 
 20260707    02:37:34       0     88     56      0      0      0      0   5157     15      0 
 20260707    02:37:35       0     99     67      0      0      0      0   5159     15      0 
 20260707    02:37:36       0      0      0      0      0      0      0   5159     15      0 
 20260707    02:37:37       0     99     67      0      0      0      0   5159     15      0 
 20260707    02:37:38       0      0      0      0      0      0      0   5159     15      0 
 20260707    02:37:39       0     99     67      0      0      0      0   5157     15      0 
 20260707    02:37:40       0      0      0      0      0      0      0   3617     15      0 
 20260707    02:37:41       0     99     68      0      0      0      0   5157     15      0 
 20260707    02:37:42       0     67     46      0      0      0      0   5155     15      0 
 20260707    02:37:43       0      0      0      0      0      0      0   3617     15      0 
 20260707    02:37:44       0     62     42      0      0      0      0   5157     15      0 
 20260707    02:37:45       0     99     68      0      0      0      0   5157     15      0 
 20260707    02:37:46       0      0      0      0      0      0      0   3617     15      0 
 20260707    02:37:47       0      0      0      0      0      0      0   5155     15      0 
 20260707    02:37:48       0      0      0      0      0      0      0   2043     15      0 
 20260707    02:37:49       0     79     66      0      0      0      0   5153     15      0 
 20260707    02:37:50       0      0      0      0      0      0      0   5155     15      0 
 20260707    02:37:51       0      0      0      0      0      0      0   3617     15      0 
 20260707    02:37:52       0      0      0      0      0      0      0   5155     15      0 
 20260707    02:37:53       0      0      0      0      0      0      0   5153     15      0 
 20260707    02:37:54       0     99     68      0      0      0      0   5157     15      0 
 20260707    02:37:55       0      0      0      0      0      0      0   5153     15      0 
 20260707    02:37:56       0     91     58      0      0      0      0   5157     15      0 
 20260707    02:37:58       0     87     59      0      0      0      0   5157     15      0 
 20260707    02:37:59       0      0      0      0      0      0      0   5153     15      0 
#Date        Time         gpu     sm    mem    enc    dec    jpg    ofa     fb   bar1   ccpm 
#YYYYMMDD    HH:MM:SS     Idx      %      %      %      %      %      %     MB     MB     MB 
 20260707    02:38:00       0     38     26      0      0      0      0   5157     15      0 
 20260707    02:38:01       0      2      1      0      0      0      0   5157     15      0 
 20260707    02:38:02       0     24      8      0      0      0      0   2043     15      0 
 20260707    02:38:03       0     22      0      0      0      0      0   5157     15      0 
 20260707    02:38:04       0      5      4      0      0      0      0   5153     15      0 
 20260707    02:38:05       0     47     26      0      0      0      0   5157     15      0 
 20260707    02:38:06       0     99     68      0      0      0      0   5157     15      0 
 20260707    02:38:07       0      0      0      0      0      0      0   5153     15      0 
 20260707    02:38:08       0      0      0      0      0      0      0   5155     15      0 
 20260707    02:38:09       0      0      0      0      0      0      0   2043     15      0 
 20260707    02:38:10       0     28      5      0      0      0      0   5157     15      0 
 20260707    02:38:11       0      5      4      0      0      0      0   5153     15      0 
 20260707    02:38:12       0     91     60      0      0      0      0   5155     15      0 
 20260707    02:38:13       0      0      0      0      0      0      0   5155     15      0 
 20260707    02:38:14       0     91     60      0      0      0      0   5153     15      0 
 20260707    02:38:15       0      0      0      0      0      0      0   5155     15      0 
 20260707    02:38:16       0      0      0      0      0      0      0   5153     15      0 
 20260707    02:38:17       0     17     12      0      0      0      0   5155     15      0 
 20260707    02:38:18       0      0      0      0      0      0      0   5155     15      0 
 20260707    02:38:19       0     91     61      0      0      0      0   5153     15      0 
 20260707    02:38:20       0      0      0      0      0      0      0   5155     15      0 
 20260707    02:38:21       0      5      4      0      0      0      0   5155     15      0 
 20260707    02:38:22       0     66     42      0      0      0      0   5155     15      0 
 20260707    02:38:23       0     19     11      0      0      0      0   5157     15      0 
 20260707    02:38:24       0      0      0      0      0      0      0   3617     15      0 
 20260707    02:38:25       0     19      3      0      0      0      0   5159     15      0 
 20260707    02:38:26       0      0      0      0      0      0      0   5153     15      0 
 20260707    02:38:27       0     99     68      0      0      0      0   5157     15      0 
 20260707    02:38:28       0     99     68      0      0      0      0   5155     15      0 
 20260707    02:38:29       0      0      0      0      0      0      0   5153     15      0 
 20260707    02:38:30       0     99     67      0      0      0      0   5155     15      0 
 20260707    02:38:31       0      0      0      0      0      0      0   5153     15      0 
 20260707    02:38:32       0     56     38      0      0      0      0   5157     15      0 
 20260707    02:38:33       0      5      4      0      0      0      0   5155     15      0 
 20260707    02:38:34       0     40     22      0      0      0      0   5155     15      0 
 20260707    02:38:35       0     19     11      0      0      0      0   5153     15      0 
 20260707    02:38:36       0     29     13      0      0      0      0   5155     15      0 
 20260707    02:38:37       0      0      0      0      0      0      0   5153     15      0 
 20260707    02:38:38       0      0      0      0      0      0      0   5155     15      0 
 20260707    02:38:39       0      0      0      0      0      0      0   5155     15      0 
 20260707    02:38:40       0     72     49      0      0      0      0   5153     15      0 
 20260707    02:38:41       0      5      3      0      0      0      0   5155     15      0 
 20260707    02:38:42       0      0      0      0      0      0      0   5155     15      0 
 20260707    02:38:43       0     90     61      0      0      0      0   5155     15      0 
#Date        Time         gpu     sm    mem    enc    dec    jpg    ofa     fb   bar1   ccpm 
#YYYYMMDD    HH:MM:SS     Idx      %      %      %      %      %      %     MB     MB     MB 
 20260707    02:38:44       0      0      0      0      0      0      0   5159     15      0 
 20260707    02:38:45       0     91     61      0      0      0      0   5159     15      0 
 20260707    02:38:46       0     83     57      0      0      0      0   5153     15      0 
 20260707    02:38:47       0      0      0      0      0      0      0   5155     15      0 
 20260707    02:38:48       0      0      0      0      0      0      0   5153     15      0 
 20260707    02:38:49       0     30     21      0      0      0      0   5155     15      0 
 20260707    02:38:50       0      0      0      0      0      0      0   2043     15      0 
 20260707    02:38:51       0     91     59      0      0      0      0   5155     15      0 
 20260707    02:38:52       0      0      0      0      0      0      0   2043     15      0 
 20260707    02:38:53       0     91     61      0      0      0      0   5157     15      0 
 20260707    02:38:54       0      0      0      0      0      0      0   5153     15      0 
 20260707    02:38:55       0      0      0      0      0      0      0   5155     15      0 
 20260707    02:38:56       0      0      0      0      0      0      0   5153     15      0 
 20260707    02:38:57       0      0      0      0      0      0      0   5155     15      0 
 20260707    02:38:58       0      0      0      0      0      0      0   2043     15      0 
 20260707    02:38:59       0     90     61      0      0      0      0   5153     15      0 
 20260707    02:39:00       0      0      0      0      0      0      0   5155     15      0 
 20260707    02:39:01       0      5      4      0      0      0      0   5157     15      0 
 20260707    02:39:02       0     21      7      0      0      0      0   5153     15      0 
 20260707    02:39:03       0      0      0      0      0      0      0   5157     15      0 
 20260707    02:39:04       0     19     11      0      0      0      0   5153     15      0 
 20260707    02:39:05       0     52     32      0      0      0      0   5155     15      0 
 20260707    02:39:06       0      0      0      0      0      0      0   5153     15      0 
 20260707    02:39:07       0      0      0      0      0      0      0   5155     15      0 
 20260707    02:39:08       0      0      0      0      0      0      0   5159     15      0 
 20260707    02:39:09       0     99     67      0      0      0      0   5159     15      0 
 20260707    02:39:10       0     19     11      0      0      0      0   5159     15      0 
 20260707    02:39:11       0     20     12      0      0      0      0   2043     15      0 
 20260707    02:39:12       0     77     53      0      0      0      0   5159     15      0 
 20260707    02:39:13       0      0      0      0      0      0      0   5153     15      0 
 20260707    02:39:14       0     59     37      0      0      0      0   5155     15      0 
 20260707    02:39:15       0      0      0      0      0      0      0   5155     15      0 
 20260707    02:39:16       0     19     11      0      0      0      0   5153     15      0 
 20260707    02:39:17       0     53     34      0      0      0      0   5155     15      0 
 20260707    02:39:18       0      0      0      0      0      0      0   5153     15      0 
 20260707    02:39:19       0     22     15      0      0      0      0   5155     15      0 
 20260707    02:39:20       0      0      0      0      0      0      0   5153     15      0 
 20260707    02:39:21       0     43     29      0      0      0      0   5155     15      0 
 20260707    02:39:22       0      0      0      0      0      0      0   5153     15      0 
 20260707    02:39:23       0     24      0      0      0      0      0   2043     15      0 
 20260707    02:39:24       0     27     18      0      0      0      0   5157     15      0 
 20260707    02:39:25       0      0      0      0      0      0      0   5153     15      0 
 20260707    02:39:26       0      0      0      0      0      0      0   5155     15      0 
 20260707    02:39:27       0      0      0      0      0      0      0   5153     15      0 
#Date        Time         gpu     sm    mem    enc    dec    jpg    ofa     fb   bar1   ccpm 
#YYYYMMDD    HH:MM:SS     Idx      %      %      %      %      %      %     MB     MB     MB 
 20260707    02:39:28       0     38     19      0      0      0      0   5155     15      0 
 20260707    02:39:29       0      0      0      0      0      0      0   5155     15      0 
 20260707    02:39:30       0     19     11      0      0      0      0   5157     15      0 
 20260707    02:39:31       0     27     14      0      0      0      0   2091     15      0 
 20260707    02:39:32       0      0      0      0      0      0      0   5153     15      0 
 20260707    02:39:33       0     90     58      0      0      0      0   5155     15      0 
 20260707    02:39:34       0      0      0      0      0      0      0   5157     15      0 
 20260707    02:39:35       0      0      0      0      0      0      0   5157     15      0 
 20260707    02:39:36       0      5      4      0      0      0      0   5153     15      0 
 20260707    02:39:37       0     91     61      0      0      0      0   5155     15      0 
 20260707    02:39:38       0      0      0      0      0      0      0   5155     15      0 
 20260707    02:39:39       0     46     31      0      0      0      0   5155     15      0 
 20260707    02:39:40       0      0      0      0      0      0      0   5155     15      0 
 20260707    02:39:41       0     43     30      0      0      0      0   5153     15      0 
 20260707    02:39:42       0     99     67      0      0      0      0   5155     15      0 
 20260707    02:39:43       0      5      4      0      0      0      0   5155     15      0 
 20260707    02:39:44       0     42     22      0      0      0      0   5153     15      0 
 20260707    02:39:45       0     99     68      0      0      0      0   5155     15      0 
 20260707    02:39:46       0      0      0      0      0      0      0   5153     15      0 
 20260707    02:39:47       0     25      2      0      0      0      0   5157     15      0 
 20260707    02:39:48       0      5      4      0      0      0      0   5155     15      0 
 20260707    02:39:49       0     19      2      0      0      0      0   5155     15      0 
 20260707    02:39:50       0     41     28      0      0      0      0   5153     15      0 
 20260707    02:39:51       0     91     60      0      0      0      0   5157     15      0 
 20260707    02:39:52       0      0      0      0      0      0      0   5155     15      0 
 20260707    02:39:53       0     17      0      0      0      0      0   5153     15      0 
 20260707    02:39:54       0     68     46      0      0      0      0   5155     15      0 
 20260707    02:39:55       0      0      0      0      0      0      0   5153     15      0 
 20260707    02:39:56       0     90     60      0      0      0      0   5155     15      0 
 20260707    02:39:57       0      0      0      0      0      0      0   5153     15      0 
 20260707    02:39:58       0      0      0      0      0      0      0   5153     15      0 
 20260707    02:39:59       0     91     61      0      0      0      0   3617     15      0 
 20260707    02:40:00       0     26     15      0      0      0      0   5155     15      0 
 20260707    02:40:01       0      0      0      0      0      0      0   5155     15      0 
 20260707    02:40:02       0     29      5      0      0      0      0   2043     15      0 
 20260707    02:40:03       0      5      4      0      0      0      0   5157     15      0 
 20260707    02:40:04       0     22      3      0      0      0      0   5155     15      0 
 20260707    02:40:05       0     67     45      0      0      0      0   5153     15      0 
 20260707    02:40:06       0     91     58      0      0      0      0   3617     15      0 
 20260707    02:40:07       0     19     11      0      0      0      0   5157     15      0 
 20260707    02:40:08       0     19      4      0      0      0      0   5153     15      0 
 20260707    02:40:09       0     64     49      0      0      0      0   5153     15      0 
 20260707    02:40:10       0      0      0      0      0      0      0   5153     15      0 
 20260707    02:40:11       0     99     68      0      0      0      0   5153     15      0 
#Date        Time         gpu     sm    mem    enc    dec    jpg    ofa     fb   bar1   ccpm 
#YYYYMMDD    HH:MM:SS     Idx      %      %      %      %      %      %     MB     MB     MB 
 20260707    02:40:12       0      0      0      0      0      0      0   5159     15      0 
 20260707    02:40:13       0     91     59      0      0      0      0   5153     15      0 
 20260707    02:40:14       0      0      0      0      0      0      0   5155     15      0 
 20260707    02:40:15       0     96     66      0      0      0      0   5153     15      0 
 20260707    02:40:16       0      0      0      0      0      0      0   5155     15      0 
 20260707    02:40:17       0      5      4      0      0      0      0   3617     15      0 
 20260707    02:40:18       0     90     58      0      0      0      0   5153     15      0 
 20260707    02:40:19       0      0      0      0      0      0      0   5155     15      0 
 20260707    02:40:20       0     91     58      0      0      0      0   5153     15      0 
 20260707    02:40:21       0      0      0      0      0      0      0   5155     15      0 
 20260707    02:40:22       0      0      0      0      0      0      0   5155     15      0 
 20260707    02:40:23       0      0      0      0      0      0      0   5153     15      0 
 20260707    02:40:24       0      0      0      0      0      0      0   5155     15      0 
 20260707    02:40:25       0      5      4      0      0      0      0   3617     15      0 
 20260707    02:40:26       0     83     54      0      0      0      0   5155     15      0 
 20260707    02:40:27       0      0      0      0      0      0      0   2043     15      0 
 20260707    02:40:28       0     91     58      0      0      0      0   5157     15      0 
 20260707    02:40:29       0     91     61      0      0      0      0   5155     15      0 
 20260707    02:40:30       0      0      0      0      0      0      0   5155     15      0 
 20260707    02:40:31       0     33     19      0      0      0      0   5155     15      0 
 20260707    02:40:32       0      0      0      0      0      0      0   5155     15      0 
 20260707    02:40:33       0      0      0      0      0      0      0   2043     15      0 
 20260707    02:40:34       0      0      0      0      0      0      0   2043     15      0 
