#Date        Time         gpu     sm    mem    enc    dec    jpg    ofa     fb   bar1   ccpm 
#YYYYMMDD    HH:MM:SS     Idx      %      %      %      %      %      %     MB     MB     MB 
 20260722    01:43:05       0      0      0      0      0      0      0     92     13      0 
 20260722    01:43:06       0      0      0      0      0      0      0     92     13      0 
 20260722    01:43:07       0      0      0      0      0      0      0     92     13      0 
 20260722    01:43:08       0      0      0      0      0      0      0     92     13      0 
 20260722    01:43:09       0      0      0      0      0      0      0     92     13      0 
 20260722    01:43:10       0      0      0      0      0      0      0     92     13      0 
 20260722    01:43:11       0      0      0      0      0      0      0     92     13      0 
 20260722    01:43:12       0      0      0      0      0      0      0     92     13      0 
 20260722    01:43:13       0      0      0      0      0      0      0     92     13      0 
 20260722    01:43:14       0      0      0      0      0      0      0     92     13      0 
 20260722    01:43:15       0      0      0      0      0      0      0     92     13      0 
 20260722    01:43:16       0      0      0      0      0      0      0     92     13      0 
 20260722    01:43:17       0      0      0      0      0      0      0     92     13      0 
 20260722    01:43:18       0      0      0      0      0      0      0     92     13      0 
 20260722    01:43:19       0      0      0      0      0      0      0     92     13      0 
 20260722    01:43:20       0      0      0      0      0      0      0     92     13      0 
 20260722    01:43:21       0      0      1      0      0      0      0     92     13      0 
 20260722    01:43:22       0      0      2      0      0      0      0     92     13      0 
 20260722    01:43:23       0      0      0      0      0      0      0     92     13      0 
 20260722    01:43:24       0      0      0      0      0      0      0     92     13      0 
 20260722    01:43:25       0      0      0      0      0      0      0     92     13      0 
 20260722    01:43:26       0      0      0      0      0      0      0     92     13      0 
 20260722    01:43:27       0      0      0      0      0      0      0    685     15      0 
 20260722    01:43:28       0      4      1      0      0      0      0   1379     15      0 
 20260722    01:43:29       0     17      5      0      0      0      0   1485     15      0 
 20260722    01:43:30       0     10      6      0      0      0      0   1207     15      0 
 20260722    01:43:31       0     77     37      0      0      0      0   2781     15      0 
 20260722    01:43:32       0     21     10      0      0      0      0   2785     15      0 
 20260722    01:43:33       0      7      1      0      0      0      0   2785     15      0 
 20260722    01:43:34       0      0      0      0      0      0      0   2785     15      0 
 20260722    01:43:35       0     13      6      0      0      0      0   2785     15      0 
 20260722    01:43:36       0      0      0      0      0      0      0   1207     15      0 
 20260722    01:43:37       0     33     16      0      0      0      0   2785     15      0 
 20260722    01:43:38       0      0      0      0      0      0      0   2781     15      0 
 20260722    01:43:39       0      0      0      0      0      0      0   2785     15      0 
 20260722    01:43:40       0     36     13      0      0      0      0   2785     15      0 
 20260722    01:43:41       0      0      0      0      0      0      0   2785     15      0 
 20260722    01:43:42       0     22      5      0      0      0      0   2785     15      0 
 20260722    01:43:43       0     26      5      0      0      0      0   2785     15      0 
 20260722    01:43:44       0      0      0      0      0      0      0   2781     15      0 
 20260722    01:43:45       0     69     33      0      0      0      0   1207     15      0 
 20260722    01:43:46       0      8      4      0      0      0      0   2785     15      0 
 20260722    01:43:47       0     20      0      0      0      0      0   2785     15      0 
 20260722    01:43:48       0     17      0      0      0      0      0   2785     15      0 
#Date        Time         gpu     sm    mem    enc    dec    jpg    ofa     fb   bar1   ccpm 
#YYYYMMDD    HH:MM:SS     Idx      %      %      %      %      %      %     MB     MB     MB 
 20260722    01:43:49       0      0      0      0      0      0      0   2785     15      0 
 20260722    01:43:50       0     19      9      0      0      0      0   2785     15      0 
 20260722    01:43:51       0     37     16      0      0      0      0   2785     15      0 
 20260722    01:43:52       0      0      0      0      0      0      0   2785     15      0 
 20260722    01:43:53       0     38     12      0      0      0      0   2785     15      0 
 20260722    01:43:54       0     87     42      0      0      0      0   2785     15      0 
 20260722    01:43:55       0      0      0      0      0      0      0   2785     15      0 
 20260722    01:43:56       0      0      0      0      0      0      0   1207     15      0 
 20260722    01:43:57       0     20      8      0      0      0      0   2785     15      0 
 20260722    01:43:58       0     44     17      0      0      0      0   2785     15      0 
 20260722    01:43:59       0     64     31      0      0      0      0   2785     15      0 
 20260722    01:44:00       0      0      0      0      0      0      0   1207     15      0 
 20260722    01:44:01       0     19      8      0      0      0      0   2781     15      0 
 20260722    01:44:02       0     25     12      0      0      0      0   2787     15      0 
 20260722    01:44:03       0     13      6      0      0      0      0   2785     15      0 
 20260722    01:44:04       0     19      2      0      0      0      0   2781     15      0 
 20260722    01:44:05       0     34     17      0      0      0      0   2785     15      0 
 20260722    01:44:06       0      3      0      0      0      0      0   2785     15      0 
 20260722    01:44:07       0     42     12      0      0      0      0   1207     15      0 
 20260722    01:44:08       0     20      8      0      0      0      0   2781     15      0 
 20260722    01:44:09       0     12      5      0      0      0      0   2785     15      0 
 20260722    01:44:10       0      3      1      0      0      0      0   2785     15      0 
 20260722    01:44:11       0     90     44      0      0      0      0   2785     15      0 
 20260722    01:44:12       0      0      0      0      0      0      0   2785     15      0 
 20260722    01:44:13       0      0      0      0      0      0      0   2785     15      0 
 20260722    01:44:14       0     10      2      0      0      0      0   2785     15      0 
 20260722    01:44:15       0      0      0      0      0      0      0   1207     15      0 
 20260722    01:44:16       0     19      8      0      0      0      0   1207     15      0 
 20260722    01:44:17       0      3      1      0      0      0      0   2785     15      0 
 20260722    01:44:18       0     57     28      0      0      0      0   2785     15      0 
 20260722    01:44:19       0      0      0      0      0      0      0   2785     15      0 
 20260722    01:44:20       0      0      0      0      0      0      0   2785     15      0 
 20260722    01:44:21       0     26      6      0      0      0      0   2785     15      0 
 20260722    01:44:22       0     31     15      0      0      0      0   1207     15      0 
 20260722    01:44:23       0      3      1      0      0      0      0   2785     15      0 
 20260722    01:44:24       0     86     42      0      0      0      0   2785     15      0 
 20260722    01:44:25       0      0      0      0      0      0      0   1207     15      0 
 20260722    01:44:26       0      3      1      0      0      0      0   2785     15      0 
 20260722    01:44:27       0      0      0      0      0      0      0   2785     15      0 
 20260722    01:44:28       0     20      8      0      0      0      0   2781     15      0 
 20260722    01:44:29       0     89     44      0      0      0      0   2785     15      0 
 20260722    01:44:30       0     89     44      0      0      0      0   2785     15      0 
 20260722    01:44:31       0     74     36      0      0      0      0   2785     15      0 
 20260722    01:44:32       0      0      0      0      0      0      0   2785     15      0 
#Date        Time         gpu     sm    mem    enc    dec    jpg    ofa     fb   bar1   ccpm 
#YYYYMMDD    HH:MM:SS     Idx      %      %      %      %      %      %     MB     MB     MB 
 20260722    01:44:33       0      0      0      0      0      0      0   1207     15      0 
 20260722    01:44:34       0     14      0      0      0      0      0   1207     15      0 
 20260722    01:44:35       0     13      6      0      0      0      0   2785     15      0 
 20260722    01:44:36       0      9      0      0      0      0      0   2785     15      0 
 20260722    01:44:37       0     31      8      0      0      0      0   1207     15      0 
 20260722    01:44:38       0     89     43      0      0      0      0   2785     15      0 
 20260722    01:44:39       0     31      8      0      0      0      0   1207     15      0 
 20260722    01:44:40       0     15      6      0      0      0      0   2785     15      0 
 20260722    01:44:41       0      0      0      0      0      0      0   2785     15      0 
 20260722    01:44:42       0     47     19      0      0      0      0   1207     15      0 
 20260722    01:44:43       0     24      9      0      0      0      0   2785     15      0 
 20260722    01:44:44       0      0      0      0      0      0      0   2785     15      0 
 20260722    01:44:45       0      3      1      0      0      0      0   2781     15      0 
 20260722    01:44:46       0     31     17      0      0      0      0   2785     15      0 
 20260722    01:44:47       0      0      0      0      0      0      0   2785     15      0 
 20260722    01:44:48       0     55     27      0      0      0      0   2785     15      0 
 20260722    01:44:49       0      0      0      0      0      0      0   2785     15      0 
 20260722    01:44:50       0      0      0      0      0      0      0   2785     15      0 
 20260722    01:44:51       0     41     20      0      0      0      0   2785     15      0 
 20260722    01:44:52       0     55     27      0      0      0      0   2785     15      0 
 20260722    01:44:53       0     56     27      0      0      0      0   2785     15      0 
 20260722    01:44:54       0     65     32      0      0      0      0   2785     15      0 
 20260722    01:44:55       0     46     16      0      0      0      0   2787     15      0 
 20260722    01:44:56       0      0      0      0      0      0      0   2785     15      0 
 20260722    01:44:57       0     42     12      0      0      0      0   2787     15      0 
 20260722    01:44:58       0     43     13      0      0      0      0   2785     15      0 
 20260722    01:44:59       0      0      0      0      0      0      0   2785     15      0 
 20260722    01:45:00       0     58     28      0      0      0      0   2785     15      0 
 20260722    01:45:01       0      0      0      0      0      0      0   2785     15      0 
 20260722    01:45:02       0      0      0      0      0      0      0   2785     15      0 
 20260722    01:45:03       0      0      0      0      0      0      0   2785     15      0 
 20260722    01:45:04       0     17      8      0      0      0      0   2785     15      0 
 20260722    01:45:05       0     15      0      0      0      0      0   2781     15      0 
 20260722    01:45:06       0     30      7      0      0      0      0   2781     15      0 
 20260722    01:45:07       0     90     44      0      0      0      0   1207     15      0 
 20260722    01:45:08       0      3      1      0      0      0      0   2785     15      0 
 20260722    01:45:09       0     20      8      0      0      0      0   2787     15      0 
 20260722    01:45:10       0      0      0      0      0      0      0   2785     15      0 
 20260722    01:45:11       0     72     35      0      0      0      0   1207     15      0 
 20260722    01:45:12       0      0      0      0      0      0      0   2785     15      0 
 20260722    01:45:13       0     20      8      0      0      0      0   2785     15      0 
 20260722    01:45:14       0     28     14      0      0      0      0   1207     15      0 
 20260722    01:45:15       0     19      8      0      0      0      0   2785     15      0 
 20260722    01:45:16       0     52     26      0      0      0      0   2785     15      0 
#Date        Time         gpu     sm    mem    enc    dec    jpg    ofa     fb   bar1   ccpm 
#YYYYMMDD    HH:MM:SS     Idx      %      %      %      %      %      %     MB     MB     MB 
 20260722    01:45:17       0     29     14      0      0      0      0   2785     15      0 
 20260722    01:45:18       0     47     23      0      0      0      0   1207     15      0 
 20260722    01:45:19       0      1      0      0      0      0      0   2785     15      0 
 20260722    01:45:20       0     55     26      0      0      0      0   2785     15      0 
 20260722    01:45:21       0      0      0      0      0      0      0   2787     15      0 
 20260722    01:45:22       0     20      9      0      0      0      0   2787     15      0 
 20260722    01:45:23       0      0      0      0      0      0      0   2785     15      0 
 20260722    01:45:24       0      0      0      0      0      0      0   2785     15      0 
 20260722    01:45:25       0     25      8      0      0      0      0   2785     15      0 
 20260722    01:45:26       0      0      0      0      0      0      0   2785     15      0 
 20260722    01:45:27       0      0      0      0      0      0      0   1207     15      0 
 20260722    01:45:28       0     55     27      0      0      0      0   2785     15      0 
 20260722    01:45:29       0      0      0      0      0      0      0   1207     15      0 
 20260722    01:45:30       0     15      6      0      0      0      0   2785     15      0 
 20260722    01:45:31       0     55     27      0      0      0      0   2785     15      0 
 20260722    01:45:32       0      0      0      0      0      0      0   2785     15      0 
 20260722    01:45:33       0     16      7      0      0      0      0   1831     15      0 
 20260722    01:45:34       0      0      0      0      0      0      0   2785     15      0 
 20260722    01:45:35       0      0      0      0      0      0      0   2785     15      0 
 20260722    01:45:36       0      0      0      0      0      0      0   2781     15      0 
 20260722    01:45:37       0      3      1      0      0      0      0   2785     15      0 
 20260722    01:45:38       0      3      1      0      0      0      0   2785     15      0 
 20260722    01:45:39       0      0      0      0      0      0      0   2785     15      0 
 20260722    01:45:40       0      0      0      0      0      0      0   2785     15      0 
 20260722    01:45:41       0      0      0      0      0      0      0   1207     15      0 
 20260722    01:45:42       0      0      0      0      0      0      0   2785     15      0 
 20260722    01:45:43       0     83     40      0      0      0      0   2785     15      0 
 20260722    01:45:44       0      0      0      0      0      0      0   2781     15      0 
 20260722    01:45:45       0      3      1      0      0      0      0   2781     15      0 
 20260722    01:45:46       0     67     33      0      0      0      0   2785     15      0 
 20260722    01:45:47       0      0      0      0      0      0      0   2785     15      0 
 20260722    01:45:48       0      0      0      0      0      0      0   2785     15      0 
 20260722    01:45:49       0     62     30      0      0      0      0   2785     15      0 
 20260722    01:45:50       0      0      0      0      0      0      0   2785     15      0 
 20260722    01:45:51       0     20      8      0      0      0      0   2785     15      0 
 20260722    01:45:52       0     45     18      0      0      0      0   2785     15      0 
 20260722    01:45:53       0     35     20      0      0      0      0   2785     15      0 
 20260722    01:45:54       0      0      0      0      0      0      0   2785     15      0 
 20260722    01:45:55       0     10      3      0      0      0      0   2785     15      0 
 20260722    01:45:57       0      0      0      0      0      0      0   2785     15      0 
 20260722    01:45:58       0      3      1      0      0      0      0   2785     15      0 
 20260722    01:45:59       0     64     31      0      0      0      0   2305     15      0 
 20260722    01:46:00       0     10      7      0      0      0      0   2781     15      0 
 20260722    01:46:01       0      0      0      0      0      0      0   2785     15      0 
#Date        Time         gpu     sm    mem    enc    dec    jpg    ofa     fb   bar1   ccpm 
#YYYYMMDD    HH:MM:SS     Idx      %      %      %      %      %      %     MB     MB     MB 
 20260722    01:46:02       0     32      9      0      0      0      0   2785     15      0 
 20260722    01:46:03       0     19      2      0      0      0      0   2785     15      0 
 20260722    01:46:04       0      0      0      0      0      0      0   2785     15      0 
 20260722    01:46:05       0      0      0      0      0      0      0   2785     15      0 
 20260722    01:46:06       0     11      5      0      0      0      0   2785     15      0 
 20260722    01:46:07       0     21      0      0      0      0      0   2781     15      0 
 20260722    01:46:08       0      0      0      0      0      0      0   2785     15      0 
 20260722    01:46:09       0     72     35      0      0      0      0   2785     15      0 
 20260722    01:46:10       0     71     35      0      0      0      0   2785     15      0 
 20260722    01:46:11       0     22      5      0      0      0      0   2785     15      0 
 20260722    01:46:12       0      0      0      0      0      0      0   2785     15      0 
 20260722    01:46:13       0      3      1      0      0      0      0   2785     15      0 
 20260722    01:46:14       0      3      1      0      0      0      0   2785     15      0 
 20260722    01:46:15       0     78     38      0      0      0      0   1831     15      0 
 20260722    01:46:16       0      0      0      0      0      0      0   2785     15      0 
 20260722    01:46:17       0      0      0      0      0      0      0   2785     15      0 
 20260722    01:46:18       0     65     32      0      0      0      0   2785     15      0 
 20260722    01:46:19       0     61     30      0      0      0      0   2785     15      0 
 20260722    01:46:20       0     19      8      0      0      0      0   2785     15      0 
 20260722    01:46:21       0     42     13      0      0      0      0   2781     15      0 
 20260722    01:46:22       0      0      0      0      0      0      0   2785     15      0 
 20260722    01:46:23       0      0      0      0      0      0      0   2785     15      0 
 20260722    01:46:24       0     14      0      0      0      0      0   2781     15      0 
 20260722    01:46:25       0      2      0      0      0      0      0   2785     15      0 
 20260722    01:46:26       0     29      6      0      0      0      0   2781     15      0 
 20260722    01:46:27       0      0      0      0      0      0      0   2785     15      0 
 20260722    01:46:28       0     20      8      0      0      0      0   2785     15      0 
 20260722    01:46:29       0      3      0      0      0      0      0   2781     15      0 
 20260722    01:46:30       0     17      0      0      0      0      0   2781     15      0 
 20260722    01:46:31       0     18      0      0      0      0      0   2785     15      0 
 20260722    01:46:32       0     25      4      0      0      0      0   2781     15      0 
 20260722    01:46:33       0      0      0      0      0      0      0   2785     15      0 
 20260722    01:46:34       0      3      2      0      0      0      0   2785     15      0 
 20260722    01:46:35       0      0      0      0      0      0      0   2785     15      0 
 20260722    01:46:36       0     61     29      0      0      0      0   2785     15      0 
 20260722    01:46:37       0     55     27      0      0      0      0   2785     15      0 
 20260722    01:46:38       0      0      0      0      0      0      0   2785     15      0 
 20260722    01:46:39       0      0      0      0      0      0      0   2785     15      0 
 20260722    01:46:40       0     90     44      0      0      0      0   2785     15      0 
 20260722    01:46:41       0      0      0      0      0      0      0   2785     15      0 
 20260722    01:46:42       0      0      0      0      0      0      0   2785     15      0 
 20260722    01:46:43       0      0      0      0      0      0      0   2781     15      0 
 20260722    01:46:44       0      0      0      0      0      0      0   2785     15      0 
 20260722    01:46:45       0     12      6      0      0      0      0   2785     15      0 
#Date        Time         gpu     sm    mem    enc    dec    jpg    ofa     fb   bar1   ccpm 
#YYYYMMDD    HH:MM:SS     Idx      %      %      %      %      %      %     MB     MB     MB 
 20260722    01:46:46       0      0      0      0      0      0      0   2785     15      0 
 20260722    01:46:47       0      0      0      0      0      0      0   2785     15      0 
 20260722    01:46:48       0      0      0      0      0      0      0   2787     15      0 
 20260722    01:46:49       0     19      8      0      0      0      0   1207     15      0 
 20260722    01:46:50       0      0      0      0      0      0      0   1207     15      0 
 20260722    01:46:51       0     86     42      0      0      0      0   2785     15      0 
 20260722    01:46:52       0     20      8      0      0      0      0   1831     15      0 
 20260722    01:46:53       0     20      9      0      0      0      0   2785     15      0 
 20260722    01:46:54       0      2      1      0      0      0      0   2785     15      0 
 20260722    01:46:55       0     56     26      0      0      0      0   2785     15      0 
 20260722    01:46:56       0      3      1      0      0      0      0   2785     15      0 
 20260722    01:46:57       0     25      5      0      0      0      0   2787     15      0 
 20260722    01:46:58       0     19      8      0      0      0      0   2785     15      0 
 20260722    01:46:59       0     20      8      0      0      0      0   2785     15      0 
 20260722    01:47:00       0     17      0      0      0      0      0   2785     15      0 
 20260722    01:47:01       0      0      0      0      0      0      0   2781     15      0 
 20260722    01:47:02       0      0      0      0      0      0      0   1207     15      0 
 20260722    01:47:03       0     80     39      0      0      0      0   2781     15      0 
 20260722    01:47:04       0      0      0      0      0      0      0   1207     15      0 
 20260722    01:47:05       0     89     44      0      0      0      0   2787     15      0 
 20260722    01:47:06       0     30     14      0      0      0      0   2785     15      0 
 20260722    01:47:07       0     25      2      0      0      0      0   2785     15      0 
 20260722    01:47:08       0      0      0      0      0      0      0   2781     15      0 
 20260722    01:47:09       0      6      2      0      0      0      0   2785     15      0 
 20260722    01:47:10       0      0      0      0      0      0      0   2781     15      0 
 20260722    01:47:11       0      0      0      0      0      0      0   2785     15      0 
 20260722    01:47:12       0      0      0      0      0      0      0   2785     15      0 
 20260722    01:47:13       0     25      7      0      0      0      0   2785     15      0 
 20260722    01:47:14       0      0      0      0      0      0      0   2785     15      0 
 20260722    01:47:15       0     20      2      0      0      0      0   2785     15      0 
 20260722    01:47:16       0     12      0      0      0      0      0   2785     15      0 
 20260722    01:47:17       0     15      7      0      0      0      0   2785     15      0 
 20260722    01:47:18       0      0      0      0      0      0      0   2785     15      0 
 20260722    01:47:19       0     56     27      0      0      0      0   2785     15      0 
 20260722    01:47:20       0      9      3      0      0      0      0   2785     15      0 
 20260722    01:47:21       0     85     42      0      0      0      0   2785     15      0 
 20260722    01:47:22       0      9      3      0      0      0      0   2785     15      0 
 20260722    01:47:23       0      0      0      0      0      0      0   2785     15      0 
 20260722    01:47:24       0     18      3      0      0      0      0   2787     15      0 
 20260722    01:47:25       0      0      0      0      0      0      0   2785     15      0 
 20260722    01:47:26       0     35      4      0      0      0      0   2785     15      0 
 20260722    01:47:27       0      0      0      0      0      0      0   2785     15      0 
 20260722    01:47:28       0     10      5      0      0      0      0   1207     15      0 
 20260722    01:47:29       0     19      8      0      0      0      0   2785     15      0 
#Date        Time         gpu     sm    mem    enc    dec    jpg    ofa     fb   bar1   ccpm 
#YYYYMMDD    HH:MM:SS     Idx      %      %      %      %      %      %     MB     MB     MB 
 20260722    01:47:30       0      0      0      0      0      0      0   2785     15      0 
 20260722    01:47:31       0      0      0      0      0      0      0   2785     15      0 
 20260722    01:47:32       0     20      2      0      0      0      0   2785     15      0 
 20260722    01:47:33       0      0      0      0      0      0      0   2785     15      0 
 20260722    01:47:34       0     22      4      0      0      0      0   2785     15      0 
 20260722    01:47:35       0      0      0      0      0      0      0   2785     15      0 
 20260722    01:47:36       0      0      0      0      0      0      0   2785     15      0 
 20260722    01:47:37       0     87     42      0      0      0      0   2785     15      0 
 20260722    01:47:38       0      0      0      0      0      0      0   2785     15      0 
 20260722    01:47:39       0      0      0      0      0      0      0   2785     15      0 
 20260722    01:47:40       0      0      0      0      0      0      0   2785     15      0 
 20260722    01:47:41       0     19      4      0      0      0      0   2785     15      0 
 20260722    01:47:42       0      0      0      0      0      0      0   2785     15      0 
 20260722    01:47:43       0     87     43      0      0      0      0   2785     15      0 
 20260722    01:47:44       0      1      0      0      0      0      0   2785     15      0 
 20260722    01:47:45       0      0      0      0      0      0      0   2785     15      0 
 20260722    01:47:46       0      0      0      0      0      0      0   2785     15      0 
 20260722    01:47:47       0     90     44      0      0      0      0   2785     15      0 
 20260722    01:47:48       0      0      0      0      0      0      0   2785     15      0 
 20260722    01:47:49       0      0      0      0      0      0      0   2785     15      0 
 20260722    01:47:50       0      0      0      0      0      0      0   2785     15      0 
 20260722    01:47:51       0     60     29      0      0      0      0   2785     15      0 
 20260722    01:47:52       0      0      0      0      0      0      0   2785     15      0 
 20260722    01:47:53       0      0      0      0      0      0      0   1207     15      0 
 20260722    01:47:54       0      3      1      0      0      0      0   2785     15      0 
 20260722    01:47:55       0     87     42      0      0      0      0   2785     15      0 
 20260722    01:47:56       0     38     11      0      0      0      0   2785     15      0 
 20260722    01:47:57       0      0      0      0      0      0      0   2785     15      0 
 20260722    01:47:58       0     63     31      0      0      0      0   2785     15      0 
 20260722    01:47:59       0      0      0      0      0      0      0   2785     15      0 
 20260722    01:48:00       0     19      8      0      0      0      0   2785     15      0 
 20260722    01:48:01       0     51     25      0      0      0      0   2785     15      0 
 20260722    01:48:02       0     18      3      0      0      0      0   1207     15      0 
 20260722    01:48:03       0     20     10      0      0      0      0   2785     15      0 
 20260722    01:48:04       0      0      0      0      0      0      0   2785     15      0 
 20260722    01:48:05       0     74     36      0      0      0      0   2785     15      0 
 20260722    01:48:06       0      8      2      0      0      0      0   2785     15      0 
 20260722    01:48:07       0      0      0      0      0      0      0   2785     15      0 
 20260722    01:48:08       0      3      0      0      0      0      0   2785     15      0 
 20260722    01:48:09       0      0      0      0      0      0      0   2785     15      0 
 20260722    01:48:10       0     27      9      0      0      0      0   2785     15      0 
 20260722    01:48:11       0      0      0      0      0      0      0   2785     15      0 
 20260722    01:48:12       0      0      0      0      0      0      0   2785     15      0 
 20260722    01:48:13       0      0      0      0      0      0      0   2785     15      0 
#Date        Time         gpu     sm    mem    enc    dec    jpg    ofa     fb   bar1   ccpm 
#YYYYMMDD    HH:MM:SS     Idx      %      %      %      %      %      %     MB     MB     MB 
 20260722    01:48:14       0      0      0      0      0      0      0   2785     15      0 
 20260722    01:48:15       0     33     16      0      0      0      0   2785     15      0 
 20260722    01:48:16       0      0      0      0      0      0      0   2785     15      0 
 20260722    01:48:17       0      3      1      0      0      0      0   2781     15      0 
 20260722    01:48:18       0      0      0      0      0      0      0   2785     15      0 
 20260722    01:48:19       0     20      8      0      0      0      0   2785     15      0 
 20260722    01:48:20       0      0      0      0      0      0      0   2785     15      0 
 20260722    01:48:21       0     62     30      0      0      0      0   1207     15      0 
 20260722    01:48:22       0      0      0      0      0      0      0   2785     15      0 
 20260722    01:48:23       0      0      0      0      0      0      0   2785     15      0 
 20260722    01:48:24       0      2      1      0      0      0      0   2783     15      0 
 20260722    01:48:25       0     45     19      0      0      0      0   2781     15      0 
 20260722    01:48:26       0     20      0      0      0      0      0   2785     15      0 
 20260722    01:48:27       0      2      0      0      0      0      0   2783     15      0 
 20260722    01:48:28       0      3      1      0      0      0      0   2785     15      0 
 20260722    01:48:29       0      0      0      0      0      0      0   2785     15      0 
 20260722    01:48:30       0     25     12      0      0      0      0   2785     15      0 
 20260722    01:48:31       0      0      0      0      0      0      0   2785     15      0 
 20260722    01:48:32       0      3      1      0      0      0      0   2781     15      0 
 20260722    01:48:33       0     25      0      0      0      0      0   2785     15      0 
 20260722    01:48:34       0      1      1      0      0      0      0   2785     15      0 
 20260722    01:48:35       0      2      0      0      0      0      0   2783     15      0 
 20260722    01:48:36       0      0      0      0      0      0      0   1207     15      0 
 20260722    01:48:37       0      0      0      0      0      0      0   2785     15      0 
 20260722    01:48:38       0     19      8      0      0      0      0   2785     15      0 
 20260722    01:48:39       0      0      0      0      0      0      0   2785     15      0 
 20260722    01:48:40       0      8      5      0      0      0      0   2785     15      0 
 20260722    01:48:41       0      0      0      0      0      0      0   2785     15      0 
 20260722    01:48:42       0      0      0      0      0      0      0   2785     15      0 
 20260722    01:48:43       0      1      0      0      0      0      0   2785     15      0 
 20260722    01:48:44       0      0      0      0      0      0      0   2785     15      0 
 20260722    01:48:45       0     15      6      0      0      0      0   2781     15      0 
 20260722    01:48:46       0      1      0      0      0      0      0   2785     15      0 
 20260722    01:48:47       0      0      0      0      0      0      0   2783     15      0 
 20260722    01:48:48       0     16      0      0      0      0      0   2785     15      0 
 20260722    01:48:49       0      4      2      0      0      0      0   2785     15      0 
 20260722    01:48:50       0     34     10      0      0      0      0   2785     15      0 
 20260722    01:48:51       0      0      0      0      0      0      0   2785     15      0 
 20260722    01:48:52       0      3      1      0      0      0      0   2785     15      0 
 20260722    01:48:53       0      2      0      0      0      0      0   2785     15      0 
 20260722    01:48:54       0      1      0      0      0      0      0   2783     15      0 
 20260722    01:48:55       0      0      0      0      0      0      0   1207     15      0 
 20260722    01:48:56       0      4      1      0      0      0      0   2785     15      0 
 20260722    01:48:57       0      0      0      0      0      0      0   2783     15      0 
#Date        Time         gpu     sm    mem    enc    dec    jpg    ofa     fb   bar1   ccpm 
#YYYYMMDD    HH:MM:SS     Idx      %      %      %      %      %      %     MB     MB     MB 
 20260722    01:48:58       0      1      1      0      0      0      0   2785     15      0 
 20260722    01:48:59       0     13      5      0      0      0      0   2785     15      0 
 20260722    01:49:00       0      1      0      0      0      0      0   2783     15      0 
 20260722    01:49:01       0     62     30      0      0      0      0   2785     15      0 
 20260722    01:49:02       0      1      0      0      0      0      0   2785     15      0 
 20260722    01:49:03       0     58     28      0      0      0      0   2781     15      0 
 20260722    01:49:04       0      0      0      0      0      0      0   2785     15      0 
 20260722    01:49:05       0     43     19      0      0      0      0   2785     15      0 
 20260722    01:49:06       0      0      0      0      0      0      0   2785     15      0 
 20260722    01:49:07       0      0      0      0      0      0      0   1207     15      0 
 20260722    01:49:08       0      0      0      0      0      0      0   2785     15      0 
 20260722    01:49:09       0     22      2      0      0      0      0   2783     15      0 
 20260722    01:49:10       0     43     19      0      0      0      0   2785     15      0 
 20260722    01:49:11       0      3      1      0      0      0      0   2785     15      0 
 20260722    01:49:12       0      0      0      0      0      0      0   2785     15      0 
 20260722    01:49:13       0      4      2      0      0      0      0   2785     15      0 
 20260722    01:49:14       0     20      8      0      0      0      0   2783     15      0 
 20260722    01:49:15       0     15      7      0      0      0      0   2781     15      0 
 20260722    01:49:16       0      4      1      0      0      0      0   1207     15      0 
 20260722    01:49:17       0      1      1      0      0      0      0   2785     15      0 
 20260722    01:49:19       0      8      3      0      0      0      0   2785     15      0 
 20260722    01:49:20       0      2      1      0      0      0      0   2785     15      0 
 20260722    01:49:21       0      3      1      0      0      0      0   2785     15      0 
 20260722    01:49:22       0      0      0      0      0      0      0   2785     15      0 
 20260722    01:49:23       0      8      4      0      0      0      0   2785     15      0 
 20260722    01:49:24       0     81     40      0      0      0      0   1207     15      0 
 20260722    01:49:25       0     62     30      0      0      0      0   2785     15      0 
 20260722    01:49:26       0      2      1      0      0      0      0   2785     15      0 
 20260722    01:49:27       0      4      1      0      0      0      0   1207     15      0 
 20260722    01:49:28       0      0      0      0      0      0      0   2781     15      0 
 20260722    01:49:29       0      0      0      0      0      0      0   2785     15      0 
 20260722    01:49:30       0      0      0      0      0      0      0   2781     15      0 
 20260722    01:49:31       0      1      1      0      0      0      0   2785     15      0 
 20260722    01:49:32       0      2      1      0      0      0      0   2785     15      0 
 20260722    01:49:33       0     74     36      0      0      0      0   2785     15      0 
 20260722    01:49:34       0      0      0      0      0      0      0   2785     15      0 
 20260722    01:49:35       0      2      0      0      0      0      0   2783     15      0 
 20260722    01:49:36       0      4      2      0      0      0      0   2785     15      0 
 20260722    01:49:37       0      0      0      0      0      0      0   2785     15      0 
 20260722    01:49:38       0     30     14      0      0      0      0   2781     15      0 
 20260722    01:49:39       0     86     41      0      0      0      0   1207     15      0 
 20260722    01:49:40       0      0      0      0      0      0      0   2785     15      0 
 20260722    01:49:41       0     46     22      0      0      0      0   2785     15      0 
 20260722    01:49:42       0      1      1      0      0      0      0   2785     15      0 
#Date        Time         gpu     sm    mem    enc    dec    jpg    ofa     fb   bar1   ccpm 
#YYYYMMDD    HH:MM:SS     Idx      %      %      %      %      %      %     MB     MB     MB 
 20260722    01:49:43       0     69     33      0      0      0      0   2781     15      0 
 20260722    01:49:44       0      1      1      0      0      0      0   2785     15      0 
 20260722    01:49:45       0      5      2      0      0      0      0   2781     15      0 
 20260722    01:49:46       0     29     14      0      0      0      0   2785     15      0 
 20260722    01:49:47       0     44     17      0      0      0      0   2783     15      0 
 20260722    01:49:48       0      0      0      0      0      0      0   2785     15      0 
 20260722    01:49:49       0      0      0      0      0      0      0   2781     15      0 
 20260722    01:49:50       0     14      0      0      0      0      0   2781     15      0 
 20260722    01:49:51       0      0      0      0      0      0      0   2781     15      0 
 20260722    01:49:52       0      0      0      0      0      0      0   2785     15      0 
 20260722    01:49:53       0      4      1      0      0      0      0   1207     15      0 
 20260722    01:49:54       0      2      0      0      0      0      0   2785     15      0 
 20260722    01:49:55       0      2      0      0      0      0      0   2785     15      0 
 20260722    01:49:56       0      2      0      0      0      0      0   2785     15      0 
 20260722    01:49:57       0      2      1      0      0      0      0   2785     15      0 
 20260722    01:49:58       0     16      2      0      0      0      0   2785     15      0 
 20260722    01:49:59       0      2      1      0      0      0      0   2783     15      0 
 20260722    01:50:00       0      2      2      0      0      0      0   2785     15      0 
 20260722    01:50:01       0     13      5      0      0      0      0   2785     15      0 
 20260722    01:50:02       0      0      0      0      0      0      0   2785     15      0 
 20260722    01:50:03       0      3      1      0      0      0      0   2785     15      0 
 20260722    01:50:04       0      0      0      0      0      0      0   2785     15      0 
 20260722    01:50:05       0      3      1      0      0      0      0   2783     15      0 
 20260722    01:50:06       0      2      1      0      0      0      0   2781     15      0 
 20260722    01:50:07       0      2      2      0      0      0      0   2781     15      0 
 20260722    01:50:08       0     14      0      0      0      0      0   2783     15      0 
 20260722    01:50:09       0     21     10      0      0      0      0   1207     15      0 
 20260722    01:50:10       0     52     26      0      0      0      0   2785     15      0 
 20260722    01:50:11       0      0      0      0      0      0      0   2787     15      0 
 20260722    01:50:12       0      3      1      0      0      0      0   2783     15      0 
 20260722    01:50:13       0     63     30      0      0      0      0   2781     15      0 
 20260722    01:50:14       0      1      1      0      0      0      0   2781     15      0 
 20260722    01:50:15       0      0      0      0      0      0      0   1207     15      0 
 20260722    01:50:16       0      2      0      0      0      0      0   2785     15      0 
 20260722    01:50:17       0     14      5      0      0      0      0   2785     15      0 
 20260722    01:50:18       0      0      0      0      0      0      0   2785     15      0 
 20260722    01:50:19       0      0      0      0      0      0      0   2785     15      0 
 20260722    01:50:20       0     14      0      0      0      0      0   2785     15      0 
 20260722    01:50:21       0      3      1      0      0      0      0   2785     15      0 
 20260722    01:50:22       0      5      2      0      0      0      0   2783     15      0 
 20260722    01:50:23       0     13      0      0      0      0      0   2785     15      0 
 20260722    01:50:24       0     27      5      0      0      0      0   2781     15      0 
 20260722    01:50:25       0      1      1      0      0      0      0   1207     15      0 
 20260722    01:50:26       0      0      0      0      0      0      0   2781     15      0 
#Date        Time         gpu     sm    mem    enc    dec    jpg    ofa     fb   bar1   ccpm 
#YYYYMMDD    HH:MM:SS     Idx      %      %      %      %      %      %     MB     MB     MB 
 20260722    01:50:27       0     38     14      0      0      0      0   2785     15      0 
 20260722    01:50:28       0     22     10      0      0      0      0   2785     15      0 
 20260722    01:50:29       0     61     29      0      0      0      0   2785     15      0 
 20260722    01:50:30       0      0      0      0      0      0      0   1207     15      0 
 20260722    01:50:31       0     31     15      0      0      0      0   2785     15      0 
 20260722    01:50:32       0      0      0      0      0      0      0   1207     15      0 
 20260722    01:50:33       0     19      8      0      0      0      0   2785     15      0 
 20260722    01:50:34       0     73     36      0      0      0      0   2783     15      0 
 20260722    01:50:35       0      1      1      0      0      0      0   2785     15      0 
 20260722    01:50:36       0     39     21      0      0      0      0   2785     15      0 
 20260722    01:50:37       0      0      0      0      0      0      0   2785     15      0 
 20260722    01:50:38       0     55     27      0      0      0      0   2785     15      0 
 20260722    01:50:39       0      1      1      0      0      0      0   2785     15      0 
 20260722    01:50:40       0     43     13      0      0      0      0   2785     15      0 
 20260722    01:50:41       0     36     14      0      0      0      0   2785     15      0 
 20260722    01:50:42       0     13      0      0      0      0      0   2787     15      0 
 20260722    01:50:43       0     74     36      0      0      0      0   2785     15      0 
 20260722    01:50:44       0      0      0      0      0      0      0   2785     15      0 
 20260722    01:50:45       0      0      0      0      0      0      0   2787     15      0 
 20260722    01:50:46       0     55     25      0      0      0      0   2785     15      0 
 20260722    01:50:47       0      2      0      0      0      0      0   2783     15      0 
 20260722    01:50:48       0      0      0      0      0      0      0   2785     15      0 
 20260722    01:50:49       0     15      6      0      0      0      0   2785     15      0 
 20260722    01:50:50       0      0      0      0      0      0      0   2785     15      0 
 20260722    01:50:51       0      0      0      0      0      0      0   2785     15      0 
 20260722    01:50:52       0      0      0      0      0      0      0   2785     15      0 
 20260722    01:50:53       0     76     37      0      0      0      0   2785     15      0 
 20260722    01:50:54       0     81     40      0      0      0      0   2783     15      0 
 20260722    01:50:55       0      2      1      0      0      0      0   1207     15      0 
 20260722    01:50:56       0     14      6      0      0      0      0   2785     15      0 
 20260722    01:50:57       0     35     16      0      0      0      0   2783     15      0 
 20260722    01:50:58       0      0      0      0      0      0      0   2785     15      0 
 20260722    01:50:59       0      2      1      0      0      0      0   2781     15      0 
 20260722    01:51:00       0      1      0      0      0      0      0   2785     15      0 
 20260722    01:51:01       0     11      2      0      0      0      0   2785     15      0 
 20260722    01:51:02       0     20      3      0      0      0      0   2785     15      0 
 20260722    01:51:03       0     18      9      0      0      0      0   2783     15      0 
 20260722    01:51:04       0     10      5      0      0      0      0   2785     15      0 
 20260722    01:51:05       0      2      1      0      0      0      0   2785     15      0 
 20260722    01:51:06       0     21     10      0      0      0      0   2785     15      0 
 20260722    01:51:07       0      5      2      0      0      0      0   2781     15      0 
 20260722    01:51:08       0      0      0      0      0      0      0   2785     15      0 
 20260722    01:51:09       0     30      9      0      0      0      0   2785     15      0 
 20260722    01:51:10       0      1      1      0      0      0      0   2785     15      0 
#Date        Time         gpu     sm    mem    enc    dec    jpg    ofa     fb   bar1   ccpm 
#YYYYMMDD    HH:MM:SS     Idx      %      %      %      %      %      %     MB     MB     MB 
 20260722    01:51:11       0     54     26      0      0      0      0   2785     15      0 
 20260722    01:51:12       0      0      0      0      0      0      0   2785     15      0 
 20260722    01:51:13       0     60     29      0      0      0      0   2785     15      0 
 20260722    01:51:14       0      2      1      0      0      0      0   2781     15      0 
 20260722    01:51:15       0     20      8      0      0      0      0   2785     15      0 
 20260722    01:51:16       0     19      9      0      0      0      0   2785     15      0 
 20260722    01:51:17       0      2      1      0      0      0      0   2781     15      0 
 20260722    01:51:18       0     20      8      0      0      0      0   2785     15      0 
 20260722    01:51:19       0     21     10      0      0      0      0   2785     15      0 
 20260722    01:51:20       0     14      1      0      0      0      0   1207     15      0 
 20260722    01:51:21       0     26      5      0      0      0      0   1207     15      0 
 20260722    01:51:22       0      8      3      0      0      0      0   2785     15      0 
 20260722    01:51:23       0      0      0      0      0      0      0   2785     15      0 
 20260722    01:51:24       0     18      1      0      0      0      0   1207     15      0 
 20260722    01:51:25       0     77     38      0      0      0      0   2785     15      0 
 20260722    01:51:26       0      3      1      0      0      0      0   2781     15      0 
 20260722    01:51:27       0     27     10      0      0      0      0   2785     15      0 
 20260722    01:51:28       0      2      0      0      0      0      0   2783     15      0 
 20260722    01:51:29       0      0      0      0      0      0      0   2785     15      0 
 20260722    01:51:30       0      0      0      0      0      0      0   2785     15      0 
 20260722    01:51:31       0      0      0      0      0      0      0   2785     15      0 
 20260722    01:51:32       0     20      8      0      0      0      0   2781     15      0 
 20260722    01:51:33       0     20      8      0      0      0      0   2783     15      0 
 20260722    01:51:34       0      3      1      0      0      0      0   2785     15      0 
 20260722    01:51:35       0      0      0      0      0      0      0   2785     15      0 
 20260722    01:51:36       0      2      1      0      0      0      0   2783     15      0 
 20260722    01:51:37       0     18      2      0      0      0      0   1831     15      0 
 20260722    01:51:38       0      3      1      0      0      0      0   2781     15      0 
 20260722    01:51:39       0     54     27      0      0      0      0   2785     15      0 
 20260722    01:51:40       0      0      0      0      0      0      0   2785     15      0 
 20260722    01:51:41       0      1      0      0      0      0      0   2785     15      0 
 20260722    01:51:42       0     65     32      0      0      0      0   1207     15      0 
 20260722    01:51:43       0      1      0      0      0      0      0   2785     15      0 
 20260722    01:51:44       0     18      3      0      0      0      0   2781     15      0 
 20260722    01:51:45       0     17      2      0      0      0      0   2781     15      0 
 20260722    01:51:46       0      1      0      0      0      0      0   1831     15      0 
 20260722    01:51:47       0     20      8      0      0      0      0   2785     15      0 
 20260722    01:51:48       0      3      1      0      0      0      0   2781     15      0 
 20260722    01:51:49       0      7      4      0      0      0      0   2785     15      0 
 20260722    01:51:50       0     17      4      0      0      0      0   2781     15      0 
 20260722    01:51:51       0      0      0      0      0      0      0   2785     15      0 
 20260722    01:51:52       0      0      0      0      0      0      0   2785     15      0 
 20260722    01:51:53       0      3      1      0      0      0      0   2783     15      0 
 20260722    01:51:54       0     60     29      0      0      0      0   2785     15      0 
#Date        Time         gpu     sm    mem    enc    dec    jpg    ofa     fb   bar1   ccpm 
#YYYYMMDD    HH:MM:SS     Idx      %      %      %      %      %      %     MB     MB     MB 
 20260722    01:51:55       0      2      1      0      0      0      0   2785     15      0 
 20260722    01:51:56       0     19      3      0      0      0      0   2781     15      0 
 20260722    01:51:57       0      1      0      0      0      0      0   2785     15      0 
 20260722    01:51:58       0     19      8      0      0      0      0   2785     15      0 
 20260722    01:51:59       0      0      0      0      0      0      0   2785     15      0 
 20260722    01:52:00       0      0      0      0      0      0      0   2785     15      0 
 20260722    01:52:01       0     81     40      0      0      0      0   2785     15      0 
 20260722    01:52:02       0      1      0      0      0      0      0   2783     15      0 
 20260722    01:52:03       0      4      2      0      0      0      0   2785     15      0 
 20260722    01:52:04       0      1      0      0      0      0      0   2783     15      0 
 20260722    01:52:05       0      0      0      0      0      0      0   1207     15      0 
 20260722    01:52:06       0     64     31      0      0      0      0   2787     15      0 
 20260722    01:52:07       0      2      1      0      0      0      0   2785     15      0 
 20260722    01:52:08       0     76     38      0      0      0      0   2785     15      0 
 20260722    01:52:09       0     16      0      0      0      0      0   2785     15      0 
 20260722    01:52:10       0     20      1      0      0      0      0   2785     15      0 
 20260722    01:52:11       0     20      8      0      0      0      0   2785     15      0 
 20260722    01:52:12       0     40     19      0      0      0      0   2785     15      0 
 20260722    01:52:13       0     12      0      0      0      0      0   2785     15      0 
 20260722    01:52:14       0     33     16      0      0      0      0   2785     15      0 
 20260722    01:52:15       0      0      0      0      0      0      0   2785     15      0 
 20260722    01:52:16       0     23     16      0      0      0      0   2785     15      0 
 20260722    01:52:17       0      0      0      0      0      0      0   2785     15      0 
 20260722    01:52:18       0      0      0      0      0      0      0   2785     15      0 
 20260722    01:52:19       0      0      0      0      0      0      0   2785     15      0 
 20260722    01:52:20       0      3      0      0      0      0      0   2785     15      0 
 20260722    01:52:21       0      0      0      0      0      0      0   2785     15      0 
 20260722    01:52:22       0      0      0      0      0      0      0   1207     15      0 
 20260722    01:52:23       0      1      1      0      0      0      0   2785     15      0 
 20260722    01:52:24       0     20      8      0      0      0      0   2785     15      0 
 20260722    01:52:25       0      0      0      0      0      0      0   2785     15      0 
 20260722    01:52:26       0     20      8      0      0      0      0   2785     15      0 
 20260722    01:52:27       0      3      1      0      0      0      0   1207     15      0 
 20260722    01:52:28       0     22     10      0      0      0      0   2785     15      0 
 20260722    01:52:29       0      0      0      0      0      0      0   2783     15      0 
 20260722    01:52:30       0      0      0      0      0      0      0   2781     15      0 
 20260722    01:52:31       0      2      0      0      0      0      0   2785     15      0 
 20260722    01:52:32       0     16      7      0      0      0      0   1207     15      0 
 20260722    01:52:33       0      0      0      0      0      0      0   1207     15      0 
 20260722    01:52:34       0      0      0      0      0      0      0   1207     15      0 
 20260722    01:52:35       0      0      0      0      0      0      0   1207     15      0 
 20260722    01:52:36       0      0      0      0      0      0      0   1207     15      0 
 20260722    01:52:38       0      0      0      0      0      0      0   1207     15      0 
