#Date        Time         gpu     sm    mem    enc    dec    jpg    ofa     fb   bar1   ccpm 
#YYYYMMDD    HH:MM:SS     Idx      %      %      %      %      %      %     MB     MB     MB 
 20260722    04:28:03       0      0      0      0      0      0      0     92     13      0 
 20260722    04:28:04       0      0      0      0      0      0      0     92     13      0 
 20260722    04:28:05       0      0      0      0      0      0      0     92     13      0 
 20260722    04:28:06       0      0      0      0      0      0      0     92     13      0 
 20260722    04:28:07       0      0      0      0      0      0      0     92     13      0 
 20260722    04:28:08       0      0      0      0      0      0      0     92     13      0 
 20260722    04:28:09       0      0      0      0      0      0      0     92     13      0 
 20260722    04:28:10       0      0      0      0      0      0      0     92     13      0 
 20260722    04:28:11       0      0      0      0      0      0      0     92     13      0 
 20260722    04:28:12       0      0      0      0      0      0      0     92     13      0 
 20260722    04:28:13       0      0      0      0      0      0      0     92     13      0 
 20260722    04:28:14       0      0      0      0      0      0      0     92     13      0 
 20260722    04:28:15       0      0      0      0      0      0      0     92     13      0 
 20260722    04:28:16       0      0      0      0      0      0      0     92     13      0 
 20260722    04:28:17       0      0      0      0      0      0      0     92     13      0 
 20260722    04:28:18       0      0      0      0      0      0      0     92     13      0 
 20260722    04:28:19       0      0      0      0      0      0      0     92     13      0 
 20260722    04:28:20       0      0      0      0      0      0      0     92     13      0 
 20260722    04:28:21       0      0      0      0      0      0      0     92     13      0 
 20260722    04:28:22       0      0      0      0      0      0      0     92     13      0 
 20260722    04:28:23       0      0      0      0      0      0      0     92     13      0 
 20260722    04:28:24       0      0      0      0      0      0      0     92     13      0 
 20260722    04:28:25       0      0      0      0      0      0      0    685     15      0 
 20260722    04:28:26       0      0      0      0      0      0      0   1667     15      0 
 20260722    04:28:27       0     23      9      0      0      0      0   6781     15      0 
 20260722    04:28:28       0     46     25      0      0      0      0   1207     15      0 
 20260722    04:28:29       0      2      0      0      0      0      0   2785     15      0 
 20260722    04:28:30       0      0      0      0      0      0      0   2785     15      0 
 20260722    04:28:31       0      1      0      0      0      0      0   2785     15      0 
 20260722    04:28:32       0      0      0      0      0      0      0   2785     15      0 
 20260722    04:28:33       0     74     40      0      0      0      0   2785     15      0 
 20260722    04:28:34       0      0      0      0      0      0      0   1207     15      0 
 20260722    04:28:35       0     10      5      0      0      0      0   2785     15      0 
 20260722    04:28:36       0      0      0      0      0      0      0   2785     15      0 
 20260722    04:28:38       0      0      0      0      0      0      0   2785     15      0 
 20260722    04:28:39       0      0      0      0      0      0      0   2785     15      0 
 20260722    04:28:40       0      0      0      0      0      0      0   1207     15      0 
 20260722    04:28:41       0     43     23      0      0      0      0   2785     15      0 
 20260722    04:28:42       0     17      9      0      0      0      0   2785     15      0 
 20260722    04:28:43       0      4      2      0      0      0      0   2785     15      0 
 20260722    04:28:44       0      0      0      0      0      0      0   2785     15      0 
 20260722    04:28:45       0      3      1      0      0      0      0   2785     15      0 
 20260722    04:28:46       0     41     22      0      0      0      0   2785     15      0 
 20260722    04:28:47       0     14      0      0      0      0      0   2785     15      0 
#Date        Time         gpu     sm    mem    enc    dec    jpg    ofa     fb   bar1   ccpm 
#YYYYMMDD    HH:MM:SS     Idx      %      %      %      %      %      %     MB     MB     MB 
 20260722    04:28:48       0     54     31      0      0      0      0   2781     15      0 
 20260722    04:28:49       0      1      1      0      0      0      0   2785     15      0 
 20260722    04:28:50       0     64     35      0      0      0      0   2785     15      0 
 20260722    04:28:51       0      1      1      0      0      0      0   2785     15      0 
 20260722    04:28:52       0     25      8      0      0      0      0   2785     15      0 
 20260722    04:28:53       0     54     28      0      0      0      0   2785     15      0 
 20260722    04:28:54       0     74     41      0      0      0      0   2783     15      0 
 20260722    04:28:55       0      1      1      0      0      0      0   2785     15      0 
 20260722    04:28:56       0     16      7      0      0      0      0   2785     15      0 
 20260722    04:28:57       0     22      7      0      0      0      0   2785     15      0 
 20260722    04:28:58       0     29     15      0      0      0      0   2783     15      0 
 20260722    04:28:59       0      2      1      0      0      0      0   2785     15      0 
 20260722    04:29:00       0     50     27      0      0      0      0   2785     15      0 
 20260722    04:29:01       0     22     11      0      0      0      0   2787     15      0 
 20260722    04:29:02       0      5      3      0      0      0      0   2785     15      0 
 20260722    04:29:03       0     17      1      0      0      0      0   2781     15      0 
 20260722    04:29:04       0     18     11      0      0      0      0   2785     15      0 
 20260722    04:29:05       0      8      4      0      0      0      0   2785     15      0 
 20260722    04:29:06       0     18      1      0      0      0      0   2781     15      0 
 20260722    04:29:07       0      2      1      0      0      0      0   2781     15      0 
 20260722    04:29:08       0      4      2      0      0      0      0   2785     15      0 
 20260722    04:29:09       0     18      1      0      0      0      0   2785     15      0 
 20260722    04:29:10       0      1      0      0      0      0      0   2783     15      0 
 20260722    04:29:11       0      1      0      0      0      0      0   2785     15      0 
 20260722    04:29:12       0      3      1      0      0      0      0   2785     15      0 
 20260722    04:29:13       0     25      6      0      0      0      0   2785     15      0 
 20260722    04:29:14       0      0      0      0      0      0      0   2787     15      0 
 20260722    04:29:15       0     43     18      0      0      0      0   2785     15      0 
 20260722    04:29:16       0     40     22      0      0      0      0   2785     15      0 
 20260722    04:29:17       0     62     34      0      0      0      0   2783     15      0 
 20260722    04:29:18       0      1      1      0      0      0      0   2785     15      0 
 20260722    04:29:19       0      0      0      0      0      0      0   2785     15      0 
 20260722    04:29:20       0     60     33      0      0      0      0   2785     15      0 
 20260722    04:29:21       0     41     23      0      0      0      0   2781     15      0 
 20260722    04:29:22       0     17      9      0      0      0      0   2785     15      0 
 20260722    04:29:23       0     35     16      0      0      0      0   2785     15      0 
 20260722    04:29:24       0      0      0      0      0      0      0   2781     15      0 
 20260722    04:29:25       0      0      0      0      0      0      0   2785     15      0 
 20260722    04:29:26       0     42     19      0      0      0      0   2785     15      0 
 20260722    04:29:27       0      0      0      0      0      0      0   2643     15      0 
 20260722    04:29:28       0     22     11      0      0      0      0   2781     15      0 
 20260722    04:29:29       0      3      1      0      0      0      0   2785     15      0 
 20260722    04:29:30       0     32     17      0      0      0      0   2781     15      0 
 20260722    04:29:31       0      2      0      0      0      0      0   2785     15      0 
#Date        Time         gpu     sm    mem    enc    dec    jpg    ofa     fb   bar1   ccpm 
#YYYYMMDD    HH:MM:SS     Idx      %      %      %      %      %      %     MB     MB     MB 
 20260722    04:29:32       0     59     32      0      0      0      0   1207     15      0 
 20260722    04:29:33       0      0      0      0      0      0      0   2785     15      0 
 20260722    04:29:34       0     38     10      0      0      0      0   2785     15      0 
 20260722    04:29:35       0     70     39      0      0      0      0   2781     15      0 
 20260722    04:29:36       0     19      9      0      0      0      0   2785     15      0 
 20260722    04:29:37       0     82     45      0      0      0      0   2785     15      0 
 20260722    04:29:38       0     40     22      0      0      0      0   1207     15      0 
 20260722    04:29:39       0     20      4      0      0      0      0   2785     15      0 
 20260722    04:29:40       0     45     18      0      0      0      0   2785     15      0 
 20260722    04:29:41       0     75     42      0      0      0      0   2785     15      0 
 20260722    04:29:42       0      0      0      0      0      0      0   2785     15      0 
 20260722    04:29:43       0      0      0      0      0      0      0   2785     15      0 
 20260722    04:29:44       0      0      0      0      0      0      0   2785     15      0 
 20260722    04:29:45       0      1      1      0      0      0      0   2785     15      0 
 20260722    04:29:46       0      4      2      0      0      0      0   2781     15      0 
 20260722    04:29:47       0     22     11      0      0      0      0   2781     15      0 
 20260722    04:29:48       0     45     24      0      0      0      0   2785     15      0 
 20260722    04:29:49       0      0      0      0      0      0      0   2785     15      0 
 20260722    04:29:50       0      0      0      0      0      0      0   2787     15      0 
 20260722    04:29:51       0     82     45      0      0      0      0   2785     15      0 
 20260722    04:29:52       0     40     19      0      0      0      0   2781     15      0 
 20260722    04:29:53       0      1      1      0      0      0      0   2783     15      0 
 20260722    04:29:54       0     11      6      0      0      0      0   2785     15      0 
 20260722    04:29:55       0      1      1      0      0      0      0   2785     15      0 
 20260722    04:29:56       0      1      1      0      0      0      0   2783     15      0 
 20260722    04:29:57       0     90     49      0      0      0      0   2785     15      0 
 20260722    04:29:58       0      2      1      0      0      0      0   2785     15      0 
 20260722    04:29:59       0      5      3      0      0      0      0   2785     15      0 
 20260722    04:30:00       0      0      0      0      0      0      0   2785     15      0 
 20260722    04:30:01       0     54     29      0      0      0      0   2785     15      0 
 20260722    04:30:02       0     21      0      0      0      0      0   2785     15      0 
 20260722    04:30:03       0     20      0      0      0      0      0   2785     15      0 
 20260722    04:30:04       0     47     27      0      0      0      0   2785     15      0 
 20260722    04:30:05       0     38     13      0      0      0      0   2787     15      0 
 20260722    04:30:06       0      0      0      0      0      0      0   2785     15      0 
 20260722    04:30:07       0     22     11      0      0      0      0   2781     15      0 
 20260722    04:30:08       0     11      5      0      0      0      0   2785     15      0 
 20260722    04:30:09       0     17      0      0      0      0      0   2785     15      0 
 20260722    04:30:10       0     59     32      0      0      0      0   2785     15      0 
 20260722    04:30:11       0     47     22      0      0      0      0   2781     15      0 
 20260722    04:30:12       0     30      2      0      0      0      0   2785     15      0 
 20260722    04:30:13       0      5      2      0      0      0      0   2785     15      0 
 20260722    04:30:14       0     13      7      0      0      0      0   2785     15      0 
 20260722    04:30:15       0     80     44      0      0      0      0   2785     15      0 
#Date        Time         gpu     sm    mem    enc    dec    jpg    ofa     fb   bar1   ccpm 
#YYYYMMDD    HH:MM:SS     Idx      %      %      %      %      %      %     MB     MB     MB 
 20260722    04:30:16       0     90     49      0      0      0      0   2781     15      0 
 20260722    04:30:17       0      2      0      0      0      0      0   2783     15      0 
 20260722    04:30:18       0     24      4      0      0      0      0   2781     15      0 
 20260722    04:30:19       0     22     11      0      0      0      0   2783     15      0 
 20260722    04:30:20       0     20     10      0      0      0      0   2783     15      0 
 20260722    04:30:21       0     48     25      0      0      0      0   2781     15      0 
 20260722    04:30:22       0     20      9      0      0      0      0   2785     15      0 
 20260722    04:30:23       0     16      0      0      0      0      0   2785     15      0 
 20260722    04:30:24       0     42     20      0      0      0      0   2785     15      0 
 20260722    04:30:25       0      0      0      0      0      0      0   1207     15      0 
 20260722    04:30:26       0     49     21      0      0      0      0   2785     15      0 
 20260722    04:30:27       0     90     49      0      0      0      0   2781     15      0 
 20260722    04:30:28       0      1      1      0      0      0      0   2785     15      0 
 20260722    04:30:29       0      2      1      0      0      0      0   2783     15      0 
 20260722    04:30:30       0     90     49      0      0      0      0   2781     15      0 
 20260722    04:30:31       0      0      0      0      0      0      0   1207     15      0 
 20260722    04:30:32       0     24     13      0      0      0      0   2781     15      0 
 20260722    04:30:33       0     59     31      0      0      0      0   2781     15      0 
 20260722    04:30:34       0      4      2      0      0      0      0   2785     15      0 
 20260722    04:30:35       0      2      2      0      0      0      0   2785     15      0 
 20260722    04:30:36       0      5      3      0      0      0      0   2785     15      0 
 20260722    04:30:37       0      0      0      0      0      0      0   2785     15      0 
 20260722    04:30:38       0     22     11      0      0      0      0   2783     15      0 
 20260722    04:30:39       0     18      1      0      0      0      0   2781     15      0 
 20260722    04:30:40       0     25     12      0      0      0      0   2781     15      0 
 20260722    04:30:41       0     22     11      0      0      0      0   2783     15      0 
 20260722    04:30:42       0      1      1      0      0      0      0   2785     15      0 
 20260722    04:30:43       0     16      8      0      0      0      0   2785     15      0 
 20260722    04:30:44       0     53     29      0      0      0      0   2783     15      0 
 20260722    04:30:45       0      3      1      0      0      0      0   2785     15      0 
 20260722    04:30:46       0      0      0      0      0      0      0   2785     15      0 
 20260722    04:30:47       0     41     17      0      0      0      0   2783     15      0 
 20260722    04:30:48       0     77     42      0      0      0      0   2785     15      0 
 20260722    04:30:49       0      2      1      0      0      0      0   2785     15      0 
 20260722    04:30:50       0      0      0      0      0      0      0   2785     15      0 
 20260722    04:30:51       0      1      1      0      0      0      0   2783     15      0 
 20260722    04:30:52       0     19     11      0      0      0      0   2783     15      0 
 20260722    04:30:53       0     20      4      0      0      0      0   2785     15      0 
 20260722    04:30:54       0     42     27      0      0      0      0   2785     15      0 
 20260722    04:30:55       0      0      0      0      0      0      0   2785     15      0 
 20260722    04:30:56       0     13      4      0      0      0      0   2783     15      0 
 20260722    04:30:57       0     21      2      0      0      0      0   2785     15      0 
 20260722    04:30:58       0      3      0      0      0      0      0   2785     15      0 
 20260722    04:30:59       0      2      1      0      0      0      0   2785     15      0 
#Date        Time         gpu     sm    mem    enc    dec    jpg    ofa     fb   bar1   ccpm 
#YYYYMMDD    HH:MM:SS     Idx      %      %      %      %      %      %     MB     MB     MB 
 20260722    04:31:00       0     72     40      0      0      0      0   2785     15      0 
 20260722    04:31:01       0      7      3      0      0      0      0   2781     15      0 
 20260722    04:31:02       0      2      1      0      0      0      0   2785     15      0 
 20260722    04:31:03       0      2      0      0      0      0      0   2783     15      0 
 20260722    04:31:04       0     43     18      0      0      0      0   2785     15      0 
 20260722    04:31:05       0     54     29      0      0      0      0   2783     15      0 
 20260722    04:31:06       0      1      1      0      0      0      0   2785     15      0 
 20260722    04:31:07       0     57     31      0      0      0      0   2783     15      0 
 20260722    04:31:08       0      7      0      0      0      0      0   2781     15      0 
 20260722    04:31:09       0     19      2      0      0      0      0   2785     15      0 
 20260722    04:31:10       0     42      9      0      0      0      0   1207     15      0 
 20260722    04:31:11       0      1      1      0      0      0      0   2785     15      0 
 20260722    04:31:12       0     40     22      0      0      0      0   2785     15      0 
 20260722    04:31:13       0     16      0      0      0      0      0   2781     15      0 
 20260722    04:31:14       0     68     38      0      0      0      0   2785     15      0 
 20260722    04:31:15       0     90     49      0      0      0      0   2785     15      0 
 20260722    04:31:16       0     21      0      0      0      0      0   2781     15      0 
 20260722    04:31:17       0     23      0      0      0      0      0   2781     15      0 
 20260722    04:31:18       0      2      1      0      0      0      0   2785     15      0 
 20260722    04:31:19       0      1      1      0      0      0      0   2785     15      0 
 20260722    04:31:20       0      4      2      0      0      0      0   2785     15      0 
 20260722    04:31:21       0     72     39      0      0      0      0   2785     15      0 
 20260722    04:31:22       0     45     24      0      0      0      0   2783     15      0 
 20260722    04:31:23       0      0      0      0      0      0      0   2785     15      0 
 20260722    04:31:24       0      2      0      0      0      0      0   2787     15      0 
 20260722    04:31:25       0     14      7      0      0      0      0   2787     15      0 
 20260722    04:31:26       0      1      1      0      0      0      0   2785     15      0 
 20260722    04:31:27       0      2      0      0      0      0      0   2783     15      0 
 20260722    04:31:28       0      0      0      0      0      0      0   2785     15      0 
 20260722    04:31:29       0      0      0      0      0      0      0   2785     15      0 
 20260722    04:31:30       0     21      6      0      0      0      0   2785     15      0 
 20260722    04:31:31       0      9      4      0      0      0      0   2783     15      0 
 20260722    04:31:32       0     37     14      0      0      0      0   2781     15      0 
 20260722    04:31:33       0      2      1      0      0      0      0   2785     15      0 
 20260722    04:31:34       0     48     26      0      0      0      0   2785     15      0 
 20260722    04:31:35       0      2      1      0      0      0      0   2785     15      0 
 20260722    04:31:36       0     46     25      0      0      0      0   2783     15      0 
 20260722    04:31:37       0     26     15      0      0      0      0   2785     15      0 
 20260722    04:31:38       0      0      0      0      0      0      0   2785     15      0 
 20260722    04:31:39       0     20      9      0      0      0      0   2785     15      0 
 20260722    04:31:40       0      0      0      0      0      0      0   2785     15      0 
 20260722    04:31:41       0     27     14      0      0      0      0   2785     15      0 
 20260722    04:31:42       0      0      0      0      0      0      0   2785     15      0 
 20260722    04:31:43       0     42     15      0      0      0      0   2785     15      0 
#Date        Time         gpu     sm    mem    enc    dec    jpg    ofa     fb   bar1   ccpm 
#YYYYMMDD    HH:MM:SS     Idx      %      %      %      %      %      %     MB     MB     MB 
 20260722    04:31:44       0     22     11      0      0      0      0   2785     15      0 
 20260722    04:31:45       0     47     23      0      0      0      0   2785     15      0 
 20260722    04:31:46       0      2      1      0      0      0      0   2783     15      0 
 20260722    04:31:47       0      4      2      0      0      0      0   2783     15      0 
 20260722    04:31:48       0     19      1      0      0      0      0   2785     15      0 
 20260722    04:31:49       0     64     35      0      0      0      0   2783     15      0 
 20260722    04:31:50       0      0      0      0      0      0      0   2785     15      0 
 20260722    04:31:51       0     36     19      0      0      0      0   2783     15      0 
 20260722    04:31:52       0      0      0      0      0      0      0   2781     15      0 
 20260722    04:31:53       0      3      1      0      0      0      0   2785     15      0 
 20260722    04:31:54       0     78     42      0      0      0      0   2785     15      0 
 20260722    04:31:55       0     22     11      0      0      0      0   2785     15      0 
 20260722    04:31:56       0     50     26      0      0      0      0   2785     15      0 
 20260722    04:31:57       0     20      9      0      0      0      0   2785     15      0 
 20260722    04:31:58       0     35     14      0      0      0      0   2785     15      0 
 20260722    04:31:59       0      2      0      0      0      0      0   2785     15      0 
 20260722    04:32:00       0      0      0      0      0      0      0   2781     15      0 
 20260722    04:32:01       0      3      1      0      0      0      0   2785     15      0 
 20260722    04:32:02       0     42     22      0      0      0      0   2785     15      0 
 20260722    04:32:03       0     46     33      0      0      0      0   2785     15      0 
 20260722    04:32:04       0      0      0      0      0      0      0   2785     15      0 
 20260722    04:32:05       0      0      0      0      0      0      0   2785     15      0 
 20260722    04:32:06       0     20     10      0      0      0      0   2785     15      0 
 20260722    04:32:07       0      0      0      0      0      0      0   2785     15      0 
 20260722    04:32:08       0      2      1      0      0      0      0   2781     15      0 
 20260722    04:32:09       0     63     35      0      0      0      0   2785     15      0 
 20260722    04:32:10       0      0      0      0      0      0      0   2785     15      0 
 20260722    04:32:12       0     10      5      0      0      0      0   2785     15      0 
 20260722    04:32:13       0     22     11      0      0      0      0   2785     15      0 
 20260722    04:32:14       0     43     16      0      0      0      0   2785     15      0 
 20260722    04:32:15       0      0      0      0      0      0      0   2783     15      0 
 20260722    04:32:16       0      1      1      0      0      0      0   2785     15      0 
 20260722    04:32:17       0      1      0      0      0      0      0   2787     15      0 
 20260722    04:32:18       0     87     48      0      0      0      0   2785     15      0 
 20260722    04:32:19       0     43     24      0      0      0      0   2785     15      0 
 20260722    04:32:20       0      0      0      0      0      0      0   2785     15      0 
 20260722    04:32:21       0     47     26      0      0      0      0   2783     15      0 
 20260722    04:32:22       0      1      1      0      0      0      0   2785     15      0 
 20260722    04:32:23       0     23     12      0      0      0      0   2785     15      0 
 20260722    04:32:24       0      0      0      0      0      0      0   2781     15      0 
 20260722    04:32:25       0      2      1      0      0      0      0   1207     15      0 
 20260722    04:32:26       0      3      1      0      0      0      0   2785     15      0 
 20260722    04:32:27       0      2      1      0      0      0      0   2785     15      0 
 20260722    04:32:28       0     80     44      0      0      0      0   2783     15      0 
#Date        Time         gpu     sm    mem    enc    dec    jpg    ofa     fb   bar1   ccpm 
#YYYYMMDD    HH:MM:SS     Idx      %      %      %      %      %      %     MB     MB     MB 
 20260722    04:32:29       0      1      0      0      0      0      0   2781     15      0 
 20260722    04:32:30       0      1      0      0      0      0      0   2785     15      0 
 20260722    04:32:31       0     50     25      0      0      0      0   2785     15      0 
 20260722    04:32:32       0      0      0      0      0      0      0   2785     15      0 
 20260722    04:32:33       0     37     20      0      0      0      0   2785     15      0 
 20260722    04:32:34       0      0      0      0      0      0      0   2785     15      0 
 20260722    04:32:35       0     22      3      0      0      0      0   2785     15      0 
 20260722    04:32:36       0      0      0      0      0      0      0   2785     15      0 
 20260722    04:32:37       0      0      0      0      0      0      0   2785     15      0 
 20260722    04:32:38       0      0      0      0      0      0      0   2785     15      0 
 20260722    04:32:39       0     24     11      0      0      0      0   2785     15      0 
 20260722    04:32:40       0      0      0      0      0      0      0   1207     15      0 
 20260722    04:32:41       0     10      5      0      0      0      0   2785     15      0 
 20260722    04:32:42       0      2      1      0      0      0      0   2785     15      0 
 20260722    04:32:43       0      0      0      0      0      0      0   2785     15      0 
 20260722    04:32:44       0     46     25      0      0      0      0   2785     15      0 
 20260722    04:32:45       0      0      0      0      0      0      0   2785     15      0 
 20260722    04:32:46       0      0      0      0      0      0      0   1207     15      0 
 20260722    04:32:47       0     20      9      0      0      0      0   2785     15      0 
 20260722    04:32:48       0     71     39      0      0      0      0   2785     15      0 
 20260722    04:32:49       0      1      1      0      0      0      0   2781     15      0 
 20260722    04:32:50       0     77     42      0      0      0      0   2785     15      0 
 20260722    04:32:51       0      0      0      0      0      0      0   2785     15      0 
 20260722    04:32:52       0     17      9      0      0      0      0   2783     15      0 
 20260722    04:32:53       0      3      1      0      0      0      0   2785     15      0 
 20260722    04:32:54       0      2      1      0      0      0      0   1207     15      0 
 20260722    04:32:55       0     22     11      0      0      0      0   2785     15      0 
 20260722    04:32:56       0      0      0      0      0      0      0   2785     15      0 
 20260722    04:32:57       0      1      0      0      0      0      0   2785     15      0 
 20260722    04:32:58       0     39     15      0      0      0      0   2785     15      0 
 20260722    04:32:59       0      0      0      0      0      0      0   2785     15      0 
 20260722    04:33:00       0     90     49      0      0      0      0   2785     15      0 
 20260722    04:33:01       0      0      0      0      0      0      0   2785     15      0 
 20260722    04:33:02       0      3      1      0      0      0      0   2785     15      0 
 20260722    04:33:03       0      1      1      0      0      0      0   2785     15      0 
 20260722    04:33:04       0     72     40      0      0      0      0   2783     15      0 
 20260722    04:33:05       0      2      2      0      0      0      0   2785     15      0 
 20260722    04:33:06       0      0      0      0      0      0      0   2785     15      0 
 20260722    04:33:07       0      0      0      0      0      0      0   2785     15      0 
 20260722    04:33:08       0      0      0      0      0      0      0   2785     15      0 
 20260722    04:33:09       0     39     32      0      0      0      0   2785     15      0 
 20260722    04:33:10       0      0      0      0      0      0      0   2785     15      0 
 20260722    04:33:11       0      0      0      0      0      0      0   2785     15      0 
 20260722    04:33:12       0      2      0      0      0      0      0   2785     15      0 
#Date        Time         gpu     sm    mem    enc    dec    jpg    ofa     fb   bar1   ccpm 
#YYYYMMDD    HH:MM:SS     Idx      %      %      %      %      %      %     MB     MB     MB 
 20260722    04:33:13       0      1      1      0      0      0      0   2785     15      0 
 20260722    04:33:14       0     53     28      0      0      0      0   2785     15      0 
 20260722    04:33:15       0      8      4      0      0      0      0   2785     15      0 
 20260722    04:33:16       0     13      7      0      0      0      0   2785     15      0 
 20260722    04:33:17       0      0      0      0      0      0      0   2785     15      0 
 20260722    04:33:18       0     61     33      0      0      0      0   2785     15      0 
 20260722    04:33:19       0      0      0      0      0      0      0   2785     15      0 
 20260722    04:33:20       0      6      3      0      0      0      0   2785     15      0 
 20260722    04:33:21       0     44     22      0      0      0      0   1207     15      0 
 20260722    04:33:22       0     55     30      0      0      0      0   2785     15      0 
 20260722    04:33:23       0     26     10      0      0      0      0   2785     15      0 
 20260722    04:33:24       0      0      0      0      0      0      0   2785     15      0 
 20260722    04:33:25       0     12      7      0      0      0      0   2785     15      0 
 20260722    04:33:26       0      5      0      0      0      0      0   2785     15      0 
 20260722    04:33:27       0      1      0      0      0      0      0   2785     15      0 
 20260722    04:33:28       0     20      9      0      0      0      0   2783     15      0 
 20260722    04:33:29       0     59     33      0      0      0      0   2785     15      0 
 20260722    04:33:30       0      0      0      0      0      0      0   2785     15      0 
 20260722    04:33:31       0     17      4      0      0      0      0   2785     15      0 
 20260722    04:33:32       0      3      2      0      0      0      0   2783     15      0 
 20260722    04:33:33       0     20      9      0      0      0      0   2785     15      0 
 20260722    04:33:34       0     16      0      0      0      0      0   2785     15      0 
 20260722    04:33:35       0     18      2      0      0      0      0   2785     15      0 
 20260722    04:33:36       0     43     23      0      0      0      0   2785     15      0 
 20260722    04:33:37       0      0      0      0      0      0      0   2785     15      0 
 20260722    04:33:38       0      0      0      0      0      0      0   2785     15      0 
 20260722    04:33:39       0     21      2      0      0      0      0   2781     15      0 
 20260722    04:33:40       0     47     26      0      0      0      0   2785     15      0 
 20260722    04:33:41       0      0      0      0      0      0      0   2785     15      0 
 20260722    04:33:42       0      5      2      0      0      0      0   2785     15      0 
 20260722    04:33:43       0      1      1      0      0      0      0   2785     15      0 
 20260722    04:33:44       0     28      8      0      0      0      0   2785     15      0 
 20260722    04:33:45       0      0      0      0      0      0      0   2785     15      0 
 20260722    04:33:46       0     24      8      0      0      0      0   2785     15      0 
 20260722    04:33:47       0     39     19      0      0      0      0   2785     15      0 
 20260722    04:33:48       0      0      0      0      0      0      0   2785     15      0 
 20260722    04:33:49       0     73     40      0      0      0      0   2781     15      0 
 20260722    04:33:50       0      0      0      0      0      0      0   2785     15      0 
 20260722    04:33:51       0     45     24      0      0      0      0   2781     15      0 
 20260722    04:33:52       0      0      0      0      0      0      0   2785     15      0 
 20260722    04:33:53       0      1      1      0      0      0      0   2785     15      0 
 20260722    04:33:54       0     74     41      0      0      0      0   2785     15      0 
 20260722    04:33:55       0      0      0      0      0      0      0   2785     15      0 
 20260722    04:33:56       0     43     14      0      0      0      0   2785     15      0 
#Date        Time         gpu     sm    mem    enc    dec    jpg    ofa     fb   bar1   ccpm 
#YYYYMMDD    HH:MM:SS     Idx      %      %      %      %      %      %     MB     MB     MB 
 20260722    04:33:57       0     26     10      0      0      0      0   2783     15      0 
 20260722    04:33:58       0     13      7      0      0      0      0   2781     15      0 
 20260722    04:33:59       0     22      8      0      0      0      0   2785     15      0 
 20260722    04:34:00       0      1      0      0      0      0      0   2785     15      0 
 20260722    04:34:01       0     46     23      0      0      0      0   2785     15      0 
 20260722    04:34:02       0      1      1      0      0      0      0   2785     15      0 
 20260722    04:34:03       0     35     13      0      0      0      0   2785     15      0 
 20260722    04:34:04       0     12      0      0      0      0      0   1207     15      0 
 20260722    04:34:05       0     39     13      0      0      0      0   2785     15      0 
 20260722    04:34:06       0      0      0      0      0      0      0   2785     15      0 
 20260722    04:34:07       0     56     31      0      0      0      0   2785     15      0 
 20260722    04:34:08       0      1      1      0      0      0      0   2785     15      0 
 20260722    04:34:09       0      0      0      0      0      0      0   2781     15      0 
 20260722    04:34:10       0      1      1      0      0      0      0   2785     15      0 
 20260722    04:34:11       0     60     33      0      0      0      0   2785     15      0 
 20260722    04:34:12       0      0      0      0      0      0      0   2785     15      0 
 20260722    04:34:13       0     43     23      0      0      0      0   2785     15      0 
 20260722    04:34:14       0      0      0      0      0      0      0   2785     15      0 
 20260722    04:34:15       0      3      1      0      0      0      0   2785     15      0 
 20260722    04:34:16       0      3      2      0      0      0      0   2785     15      0 
 20260722    04:34:17       0      3      1      0      0      0      0   2785     15      0 
 20260722    04:34:18       0     37     13      0      0      0      0   2783     15      0 
 20260722    04:34:19       0      0      0      0      0      0      0   2781     15      0 
 20260722    04:34:20       0     40     22      0      0      0      0   1207     15      0 
 20260722    04:34:21       0      0      0      0      0      0      0   2785     15      0 
 20260722    04:34:22       0      4      2      0      0      0      0   2785     15      0 
 20260722    04:34:23       0      1      0      0      0      0      0   2783     15      0 
 20260722    04:34:24       0     79     43      0      0      0      0   2785     15      0 
 20260722    04:34:25       0     87     48      0      0      0      0   1207     15      0 
 20260722    04:34:26       0      8      4      0      0      0      0   2785     15      0 
 20260722    04:34:27       0      0      0      0      0      0      0   2785     15      0 
 20260722    04:34:28       0     25      3      0      0      0      0   2783     15      0 
 20260722    04:34:29       0     36     12      0      0      0      0   2785     15      0 
 20260722    04:34:30       0     22     11      0      0      0      0   2783     15      0 
 20260722    04:34:31       0      0      0      0      0      0      0   2783     15      0 
 20260722    04:34:32       0     68     38      0      0      0      0   2781     15      0 
 20260722    04:34:33       0     75     41      0      0      0      0   2785     15      0 
 20260722    04:34:34       0     21      5      0      0      0      0   2783     15      0 
 20260722    04:34:35       0      2      1      0      0      0      0   2785     15      0 
 20260722    04:34:36       0     14      2      0      0      0      0   2785     15      0 
 20260722    04:34:37       0      2      0      0      0      0      0   2783     15      0 
 20260722    04:34:38       0      0      0      0      0      0      0   2785     15      0 
 20260722    04:34:39       0      0      0      0      0      0      0   2785     15      0 
 20260722    04:34:40       0      0      0      0      0      0      0   2785     15      0 
#Date        Time         gpu     sm    mem    enc    dec    jpg    ofa     fb   bar1   ccpm 
#YYYYMMDD    HH:MM:SS     Idx      %      %      %      %      %      %     MB     MB     MB 
 20260722    04:34:41       0      0      0      0      0      0      0   2785     15      0 
 20260722    04:34:42       0     72     39      0      0      0      0   2785     15      0 
 20260722    04:34:43       0      1      1      0      0      0      0   2785     15      0 
 20260722    04:34:44       0      3      1      0      0      0      0   2785     15      0 
 20260722    04:34:45       0     11      0      0      0      0      0   2783     15      0 
 20260722    04:34:46       0     51     34      0      0      0      0   2781     15      0 
 20260722    04:34:47       0      0      0      0      0      0      0   2785     15      0 
 20260722    04:34:48       0      0      0      0      0      0      0   2787     15      0 
 20260722    04:34:49       0      0      0      0      0      0      0   2785     15      0 
 20260722    04:34:50       0      2      1      0      0      0      0   2785     15      0 
 20260722    04:34:51       0     11      5      0      0      0      0   2785     15      0 
 20260722    04:34:52       0      2      0      0      0      0      0   2785     15      0 
 20260722    04:34:53       0      1      0      0      0      0      0   2785     15      0 
 20260722    04:34:54       0     18      9      0      0      0      0   2785     15      0 
 20260722    04:34:55       0     23     11      0      0      0      0   2785     15      0 
 20260722    04:34:56       0     46     24      0      0      0      0   2781     15      0 
 20260722    04:34:57       0      1      0      0      0      0      0   2787     15      0 
 20260722    04:34:58       0      2      1      0      0      0      0   2785     15      0 
 20260722    04:34:59       0      2      0      0      0      0      0   2785     15      0 
 20260722    04:35:00       0     16      9      0      0      0      0   2785     15      0 
 20260722    04:35:01       0     22     11      0      0      0      0   1207     15      0 
 20260722    04:35:02       0     15      0      0      0      0      0   2785     15      0 
 20260722    04:35:03       0     48     24      0      0      0      0   2785     15      0 
 20260722    04:35:04       0     36     10      0      0      0      0   2785     15      0 
 20260722    04:35:05       0     54     34      0      0      0      0   2785     15      0 
 20260722    04:35:06       0      0      0      0      0      0      0   2785     15      0 
 20260722    04:35:07       0      0      0      0      0      0      0   2783     15      0 
 20260722    04:35:08       0      1      0      0      0      0      0   2785     15      0 
 20260722    04:35:09       0      6      3      0      0      0      0   2785     15      0 
 20260722    04:35:10       0     44     21      0      0      0      0   2785     15      0 
 20260722    04:35:11       0      1      0      0      0      0      0   2785     15      0 
 20260722    04:35:12       0      9      1      0      0      0      0   2781     15      0 
 20260722    04:35:13       0      0      0      0      0      0      0   2785     15      0 
 20260722    04:35:14       0     60     33      0      0      0      0   2785     15      0 
 20260722    04:35:15       0     20      2      0      0      0      0   2785     15      0 
 20260722    04:35:16       0      4      2      0      0      0      0   2781     15      0 
 20260722    04:35:17       0      0      0      0      0      0      0   2781     15      0 
 20260722    04:35:18       0      2      2      0      0      0      0   2781     15      0 
 20260722    04:35:19       0     35      9      0      0      0      0   2783     15      0 
 20260722    04:35:20       0     35     13      0      0      0      0   2783     15      0 
 20260722    04:35:22       0      3      1      0      0      0      0   2785     15      0 
 20260722    04:35:23       0     23      8      0      0      0      0   2785     15      0 
 20260722    04:35:24       0      1      0      0      0      0      0   2785     15      0 
 20260722    04:35:25       0      0      0      0      0      0      0   2783     15      0 
#Date        Time         gpu     sm    mem    enc    dec    jpg    ofa     fb   bar1   ccpm 
#YYYYMMDD    HH:MM:SS     Idx      %      %      %      %      %      %     MB     MB     MB 
 20260722    04:35:26       0      1      0      0      0      0      0   2785     15      0 
 20260722    04:35:27       0     19      7      0      0      0      0   2785     15      0 
 20260722    04:35:28       0      5      1      0      0      0      0   2785     15      0 
 20260722    04:35:29       0      1      0      0      0      0      0   2785     15      0 
 20260722    04:35:30       0      0      0      0      0      0      0   1207     15      0 
 20260722    04:35:31       0     82     45      0      0      0      0   2785     15      0 
 20260722    04:35:32       0      0      0      0      0      0      0   2781     15      0 
 20260722    04:35:33       0      0      0      0      0      0      0   2785     15      0 
 20260722    04:35:34       0     22     11      0      0      0      0   2785     15      0 
 20260722    04:35:35       0      2      0      0      0      0      0   2785     15      0 
 20260722    04:35:36       0     18      4      0      0      0      0   2785     15      0 
 20260722    04:35:37       0      0      0      0      0      0      0   2785     15      0 
 20260722    04:35:38       0     21      9      0      0      0      0   2785     15      0 
 20260722    04:35:39       0      1      0      0      0      0      0   2785     15      0 
 20260722    04:35:40       0     89     49      0      0      0      0   2783     15      0 
 20260722    04:35:41       0     33     17      0      0      0      0   2785     15      0 
 20260722    04:35:42       0      0      0      0      0      0      0   2785     15      0 
 20260722    04:35:43       0     61     44      0      0      0      0   2785     15      0 
 20260722    04:35:44       0      0      0      0      0      0      0   2785     15      0 
 20260722    04:35:45       0     30     16      0      0      0      0   2783     15      0 
 20260722    04:35:46       0      0      0      0      0      0      0   2781     15      0 
 20260722    04:35:47       0      3      2      0      0      0      0   2781     15      0 
 20260722    04:35:48       0      2      1      0      0      0      0   2785     15      0 
 20260722    04:35:49       0     73     40      0      0      0      0   2783     15      0 
 20260722    04:35:50       0      3      2      0      0      0      0   2781     15      0 
 20260722    04:35:51       0      2      0      0      0      0      0   2785     15      0 
 20260722    04:35:52       0     11      0      0      0      0      0   2785     15      0 
 20260722    04:35:53       0      5      3      0      0      0      0   2785     15      0 
 20260722    04:35:54       0     22     11      0      0      0      0   2785     15      0 
 20260722    04:35:55       0      0      0      0      0      0      0   2785     15      0 
 20260722    04:35:56       0     22      2      0      0      0      0   2785     15      0 
 20260722    04:35:57       0     22     11      0      0      0      0   2781     15      0 
 20260722    04:35:58       0      1      1      0      0      0      0   2785     15      0 
 20260722    04:35:59       0     16      2      0      0      0      0   2783     15      0 
 20260722    04:36:00       0      1      0      0      0      0      0   2781     15      0 
 20260722    04:36:01       0      5      3      0      0      0      0   2785     15      0 
 20260722    04:36:02       0      0      0      0      0      0      0   2785     15      0 
 20260722    04:36:03       0     19      2      0      0      0      0   2781     15      0 
 20260722    04:36:04       0     20      9      0      0      0      0   2785     15      0 
 20260722    04:36:05       0      0      0      0      0      0      0   2785     15      0 
 20260722    04:36:06       0     60     33      0      0      0      0   2785     15      0 
 20260722    04:36:07       0      0      0      0      0      0      0   2783     15      0 
 20260722    04:36:08       0     52     29      0      0      0      0   2785     15      0 
 20260722    04:36:09       0      0      0      0      0      0      0   2781     15      0 
#Date        Time         gpu     sm    mem    enc    dec    jpg    ofa     fb   bar1   ccpm 
#YYYYMMDD    HH:MM:SS     Idx      %      %      %      %      %      %     MB     MB     MB 
 20260722    04:36:10       0      7      4      0      0      0      0   2785     15      0 
 20260722    04:36:11       0      2      1      0      0      0      0   2785     15      0 
 20260722    04:36:12       0      0      0      0      0      0      0   2783     15      0 
 20260722    04:36:13       0      3      1      0      0      0      0   2785     15      0 
 20260722    04:36:14       0     26      7      0      0      0      0   1207     15      0 
 20260722    04:36:15       0     22     11      0      0      0      0   2781     15      0 
 20260722    04:36:16       0     20      9      0      0      0      0   2785     15      0 
 20260722    04:36:17       0      0      0      0      0      0      0   2785     15      0 
 20260722    04:36:18       0     43     18      0      0      0      0   2785     15      0 
 20260722    04:36:19       0     76     42      0      0      0      0   2783     15      0 
 20260722    04:36:20       0      4      2      0      0      0      0   2785     15      0 
 20260722    04:36:21       0     10      5      0      0      0      0   2785     15      0 
 20260722    04:36:22       0     20      3      0      0      0      0   2785     15      0 
 20260722    04:36:23       0      0      0      0      0      0      0   2785     15      0 
 20260722    04:36:24       0      0      0      0      0      0      0   2785     15      0 
 20260722    04:36:25       0      3      1      0      0      0      0   2785     15      0 
 20260722    04:36:26       0     20     11      0      0      0      0   2785     15      0 
 20260722    04:36:27       0      3      1      0      0      0      0   2785     15      0 
 20260722    04:36:28       0     82     45      0      0      0      0   2783     15      0 
 20260722    04:36:29       0      1      1      0      0      0      0   2785     15      0 
 20260722    04:36:30       0     12      6      0      0      0      0   2785     15      0 
 20260722    04:36:31       0      0      0      0      0      0      0   2783     15      0 
 20260722    04:36:32       0     39     14      0      0      0      0   2785     15      0 
 20260722    04:36:33       0     89     48      0      0      0      0   2787     15      0 
 20260722    04:36:34       0     47     24      0      0      0      0   2785     15      0 
 20260722    04:36:35       0      2      0      0      0      0      0   2783     15      0 
 20260722    04:36:36       0     35     20      0      0      0      0   2785     15      0 
 20260722    04:36:37       0     73     40      0      0      0      0   2785     15      0 
 20260722    04:36:38       0      0      0      0      0      0      0   2785     15      0 
 20260722    04:36:39       0     39     21      0      0      0      0   2785     15      0 
 20260722    04:36:40       0     22      6      0      0      0      0   2781     15      0 
 20260722    04:36:41       0      0      0      0      0      0      0   2785     15      0 
 20260722    04:36:42       0     24     10      0      0      0      0   2781     15      0 
 20260722    04:36:43       0      0      0      0      0      0      0   2785     15      0 
 20260722    04:36:44       0     22     11      0      0      0      0   2785     15      0 
 20260722    04:36:45       0      0      0      0      0      0      0   2785     15      0 
 20260722    04:36:46       0     56     30      0      0      0      0   2785     15      0 
 20260722    04:36:47       0     37     11      0      0      0      0   2785     15      0 
 20260722    04:36:48       0      0      0      0      0      0      0   2785     15      0 
 20260722    04:36:49       0      9      5      0      0      0      0   2785     15      0 
 20260722    04:36:50       0      0      0      0      0      0      0   2785     15      0 
 20260722    04:36:51       0     26     15      0      0      0      0   2785     15      0 
 20260722    04:36:52       0      0      0      0      0      0      0   1207     15      0 
 20260722    04:36:53       0     55     30      0      0      0      0   2781     15      0 
#Date        Time         gpu     sm    mem    enc    dec    jpg    ofa     fb   bar1   ccpm 
#YYYYMMDD    HH:MM:SS     Idx      %      %      %      %      %      %     MB     MB     MB 
 20260722    04:36:54       0      0      0      0      0      0      0   2785     15      0 
 20260722    04:36:55       0      0      0      0      0      0      0   2785     15      0 
 20260722    04:36:56       0      0      0      0      0      0      0   2785     15      0 
 20260722    04:36:57       0      0      0      0      0      0      0   1207     15      0 
 20260722    04:36:58       0      0      0      0      0      0      0   1207     15      0 
 20260722    04:36:59       0      0      0      0      0      0      0   1207     15      0 
 20260722    04:37:00       0      0      0      0      0      0      0   1207     15      0 
 20260722    04:37:01       0      0      0      0      0      0      0   1207     15      0 
 20260722    04:37:02       0      0      0      0      0      0      0   1207     15      0 
