#Date        Time         gpu     sm    mem    enc    dec    jpg    ofa     fb   bar1   ccpm 
#YYYYMMDD    HH:MM:SS     Idx      %      %      %      %      %      %     MB     MB     MB 
 20260722    04:08:58       0      0      0      0      0      0      0     92     13      0 
 20260722    04:08:59       0      0      0      0      0      0      0     92     13      0 
 20260722    04:09:00       0      0      0      0      0      0      0     92     13      0 
 20260722    04:09:01       0      1      9      0      0      0      0     92     13      0 
 20260722    04:09:02       0      0      0      0      0      0      0     92     13      0 
 20260722    04:09:03       0      0      0      0      0      0      0     92     13      0 
 20260722    04:09:04       0      0      0      0      0      0      0     92     13      0 
 20260722    04:09:05       0      0      0      0      0      0      0     92     13      0 
 20260722    04:09:06       0      0      0      0      0      0      0     92     13      0 
 20260722    04:09:07       0      0      0      0      0      0      0     92     13      0 
 20260722    04:09:08       0      0      0      0      0      0      0     92     13      0 
 20260722    04:09:09       0      0      0      0      0      0      0     92     13      0 
 20260722    04:09:10       0      0      0      0      0      0      0     92     13      0 
 20260722    04:09:11       0      0      0      0      0      0      0     92     13      0 
 20260722    04:09:12       0      0      1      0      0      0      0     92     13      0 
 20260722    04:09:13       0      0      0      0      0      0      0     92     13      0 
 20260722    04:09:14       0      0      0      0      0      0      0     92     13      0 
 20260722    04:09:15       0      0      0      0      0      0      0     92     13      0 
 20260722    04:09:16       0      0      1      0      0      0      0     92     13      0 
 20260722    04:09:17       0      0      0      0      0      0      0     92     13      0 
 20260722    04:09:18       0      0      0      0      0      0      0     92     13      0 
 20260722    04:09:19       0      0      0      0      0      0      0     92     13      0 
 20260722    04:09:20       0      0      0      0      0      0      0   1125     15      0 
 20260722    04:09:21       0      9      6      0      0      0      0   1279     15      0 
 20260722    04:09:22       0     50     23      0      0      0      0   1447     15      0 
 20260722    04:09:23       0     12      5      0      0      0      0   2783     15      0 
 20260722    04:09:24       0     20      9      0      0      0      0   2783     15      0 
 20260722    04:09:25       0      2      0      0      0      0      0   2785     15      0 
 20260722    04:09:26       0     82     44      0      0      0      0   1207     15      0 
 20260722    04:09:27       0      0      0      0      0      0      0   2785     15      0 
 20260722    04:09:28       0      5      2      0      0      0      0   2785     15      0 
 20260722    04:09:29       0      9      3      0      0      0      0   2785     15      0 
 20260722    04:09:30       0      0      0      0      0      0      0   2785     15      0 
 20260722    04:09:31       0     33     15      0      0      0      0   2785     15      0 
 20260722    04:09:32       0      0      0      0      0      0      0   2785     15      0 
 20260722    04:09:33       0     34     14      0      0      0      0   2785     15      0 
 20260722    04:09:34       0      0      0      0      0      0      0   2785     15      0 
 20260722    04:09:35       0     19      9      0      0      0      0   2785     15      0 
 20260722    04:09:36       0      0      0      0      0      0      0   1207     15      0 
 20260722    04:09:37       0      3      1      0      0      0      0   2785     15      0 
 20260722    04:09:38       0      2      2      0      0      0      0   2783     15      0 
 20260722    04:09:39       0      7      3      0      0      0      0   2783     15      0 
 20260722    04:09:40       0      1      1      0      0      0      0   2785     15      0 
 20260722    04:09:41       0      3      2      0      0      0      0   2785     15      0 
#Date        Time         gpu     sm    mem    enc    dec    jpg    ofa     fb   bar1   ccpm 
#YYYYMMDD    HH:MM:SS     Idx      %      %      %      %      %      %     MB     MB     MB 
 20260722    04:09:42       0      3      1      0      0      0      0   2781     15      0 
 20260722    04:09:43       0     29     13      0      0      0      0   2785     15      0 
 20260722    04:09:44       0      4      2      0      0      0      0   2785     15      0 
 20260722    04:09:45       0     38     17      0      0      0      0   2785     15      0 
 20260722    04:09:46       0      0      0      0      0      0      0   2785     15      0 
 20260722    04:09:47       0     17      3      0      0      0      0   2783     15      0 
 20260722    04:09:48       0      0      0      0      0      0      0   1207     15      0 
 20260722    04:09:49       0      3      1      0      0      0      0   2785     15      0 
 20260722    04:09:50       0     19      9      0      0      0      0   2785     15      0 
 20260722    04:09:51       0     27      9      0      0      0      0   2785     15      0 
 20260722    04:09:52       0     10      0      0      0      0      0   2785     15      0 
 20260722    04:09:53       0     16      9      0      0      0      0   2785     15      0 
 20260722    04:09:54       0      2      1      0      0      0      0   2783     15      0 
 20260722    04:09:55       0     27      0      0      0      0      0   2785     15      0 
 20260722    04:09:56       0      0      0      0      0      0      0   2785     15      0 
 20260722    04:09:57       0     90     48      0      0      0      0   2785     15      0 
 20260722    04:09:58       0      9      4      0      0      0      0   2785     15      0 
 20260722    04:09:59       0     69     37      0      0      0      0   2785     15      0 
 20260722    04:10:00       0     41     21      0      0      0      0   2787     15      0 
 20260722    04:10:01       0     33     18      0      0      0      0   2781     15      0 
 20260722    04:10:02       0     14      1      0      0      0      0   2785     15      0 
 20260722    04:10:03       0      1      0      0      0      0      0   2785     15      0 
 20260722    04:10:04       0      3      1      0      0      0      0   2785     15      0 
 20260722    04:10:05       0     47     25      0      0      0      0   2781     15      0 
 20260722    04:10:06       0      0      0      0      0      0      0   2781     15      0 
 20260722    04:10:07       0      1      0      0      0      0      0   2785     15      0 
 20260722    04:10:08       0     19      9      0      0      0      0   2785     15      0 
 20260722    04:10:09       0      0      0      0      0      0      0   2781     15      0 
 20260722    04:10:10       0      0      0      0      0      0      0   2785     15      0 
 20260722    04:10:11       0      0      0      0      0      0      0   2787     15      0 
 20260722    04:10:12       0      0      0      0      0      0      0   2785     15      0 
 20260722    04:10:13       0      0      0      0      0      0      0   1207     15      0 
 20260722    04:10:14       0     86     46      0      0      0      0   2781     15      0 
 20260722    04:10:15       0     26     10      0      0      0      0   1207     15      0 
 20260722    04:10:16       0      2      1      0      0      0      0   2785     15      0 
 20260722    04:10:17       0     77     41      0      0      0      0   2785     15      0 
 20260722    04:10:18       0      0      0      0      0      0      0   2781     15      0 
 20260722    04:10:19       0     29      8      0      0      0      0   2787     15      0 
 20260722    04:10:20       0     19      9      0      0      0      0   2785     15      0 
 20260722    04:10:21       0     19      9      0      0      0      0   2785     15      0 
 20260722    04:10:22       0     25      0      0      0      0      0   1207     15      0 
 20260722    04:10:23       0      1      1      0      0      0      0   2785     15      0 
 20260722    04:10:24       0     90     48      0      0      0      0   2785     15      0 
 20260722    04:10:25       0      0      0      0      0      0      0   2787     15      0 
#Date        Time         gpu     sm    mem    enc    dec    jpg    ofa     fb   bar1   ccpm 
#YYYYMMDD    HH:MM:SS     Idx      %      %      %      %      %      %     MB     MB     MB 
 20260722    04:10:26       0      2      0      0      0      0      0   2785     15      0 
 20260722    04:10:27       0     16      8      0      0      0      0   2785     15      0 
 20260722    04:10:28       0      3      2      0      0      0      0   2785     15      0 
 20260722    04:10:29       0     81     43      0      0      0      0   2785     15      0 
 20260722    04:10:30       0      0      0      0      0      0      0   1207     15      0 
 20260722    04:10:31       0      0      0      0      0      0      0   2785     15      0 
 20260722    04:10:32       0     19      9      0      0      0      0   2785     15      0 
 20260722    04:10:33       0     50     26      0      0      0      0   1207     15      0 
 20260722    04:10:34       0      0      0      0      0      0      0   2785     15      0 
 20260722    04:10:35       0     14      0      0      0      0      0   2785     15      0 
 20260722    04:10:36       0     80     43      0      0      0      0   2781     15      0 
 20260722    04:10:37       0     29      9      0      0      0      0   2785     15      0 
 20260722    04:10:38       0     18      9      0      0      0      0   2785     15      0 
 20260722    04:10:39       0     17      0      0      0      0      0   2785     15      0 
 20260722    04:10:40       0     90     48      0      0      0      0   2781     15      0 
 20260722    04:10:41       0     81     43      0      0      0      0   1207     15      0 
 20260722    04:10:42       0      0      0      0      0      0      0   2785     15      0 
 20260722    04:10:43       0      0      0      0      0      0      0   2785     15      0 
 20260722    04:10:44       0      0      0      0      0      0      0   2785     15      0 
 20260722    04:10:45       0      8      4      0      0      0      0   2785     15      0 
 20260722    04:10:46       0      0      0      0      0      0      0   1207     15      0 
 20260722    04:10:47       0     15      8      0      0      0      0   2785     15      0 
 20260722    04:10:48       0      1      1      0      0      0      0   2785     15      0 
 20260722    04:10:49       0     22      4      0      0      0      0   2785     15      0 
 20260722    04:10:50       0     37     20      0      0      0      0   2785     15      0 
 20260722    04:10:51       0     19      0      0      0      0      0   2781     15      0 
 20260722    04:10:52       0      0      0      0      0      0      0   2785     15      0 
 20260722    04:10:53       0     18      1      0      0      0      0   2781     15      0 
 20260722    04:10:54       0      0      0      0      0      0      0   2781     15      0 
 20260722    04:10:55       0      0      0      0      0      0      0   1207     15      0 
 20260722    04:10:56       0     23      0      0      0      0      0   2781     15      0 
 20260722    04:10:57       0     59     32      0      0      0      0   2781     15      0 
 20260722    04:10:58       0      0      0      0      0      0      0   2785     15      0 
 20260722    04:10:59       0     19      9      0      0      0      0   1207     15      0 
 20260722    04:11:00       0     88     47      0      0      0      0   2781     15      0 
 20260722    04:11:01       0      1      0      0      0      0      0   2785     15      0 
 20260722    04:11:02       0     75     40      0      0      0      0   2785     15      0 
 20260722    04:11:03       0      0      0      0      0      0      0   2785     15      0 
 20260722    04:11:04       0      1      1      0      0      0      0   1207     15      0 
 20260722    04:11:05       0      1      1      0      0      0      0   2785     15      0 
 20260722    04:11:06       0     19      9      0      0      0      0   2785     15      0 
 20260722    04:11:07       0      3      1      0      0      0      0   2787     15      0 
 20260722    04:11:08       0     15      7      0      0      0      0   2785     15      0 
 20260722    04:11:09       0      9      5      0      0      0      0   1351     15      0 
#Date        Time         gpu     sm    mem    enc    dec    jpg    ofa     fb   bar1   ccpm 
#YYYYMMDD    HH:MM:SS     Idx      %      %      %      %      %      %     MB     MB     MB 
 20260722    04:11:10       0      2      1      0      0      0      0   1207     15      0 
 20260722    04:11:11       0      7      4      0      0      0      0   1207     15      0 
 20260722    04:11:12       0     25      5      0      0      0      0   1207     15      0 
 20260722    04:11:13       0      0      0      0      0      0      0   1207     15      0 
 20260722    04:11:14       0     43     23      0      0      0      0   2785     15      0 
 20260722    04:11:15       0      6      1      0      0      0      0   2785     15      0 
 20260722    04:11:16       0      2      0      0      0      0      0   2785     15      0 
 20260722    04:11:17       0     27      6      0      0      0      0   2785     15      0 
 20260722    04:11:18       0     19      9      0      0      0      0   2781     15      0 
 20260722    04:11:19       0      0      0      0      0      0      0   2785     15      0 
 20260722    04:11:20       0     16      1      0      0      0      0   2785     15      0 
 20260722    04:11:21       0     14      6      0      0      0      0   2787     15      0 
 20260722    04:11:22       0     36     11      0      0      0      0   2787     15      0 
 20260722    04:11:23       0     17      1      0      0      0      0   2785     15      0 
 20260722    04:11:24       0     16      1      0      0      0      0   2785     15      0 
 20260722    04:11:25       0      0      0      0      0      0      0   2785     15      0 
 20260722    04:11:26       0     26     14      0      0      0      0   2785     15      0 
 20260722    04:11:27       0      0      0      0      0      0      0   2785     15      0 
 20260722    04:11:28       0     22     10      0      0      0      0   2781     15      0 
 20260722    04:11:29       0     33     13      0      0      0      0   1207     15      0 
 20260722    04:11:30       0      0      0      0      0      0      0   1207     15      0 
 20260722    04:11:31       0     50     26      0      0      0      0   2785     15      0 
 20260722    04:11:32       0      9      6      0      0      0      0   2785     15      0 
 20260722    04:11:33       0      0      0      0      0      0      0   2785     15      0 
 20260722    04:11:34       0     18      2      0      0      0      0   2785     15      0 
 20260722    04:11:35       0     56     29      0      0      0      0   2783     15      0 
 20260722    04:11:36       0      0      0      0      0      0      0   1207     15      0 
 20260722    04:11:37       0      0      0      0      0      0      0   2785     15      0 
 20260722    04:11:38       0      3      1      0      0      0      0   2785     15      0 
 20260722    04:11:39       0      3      1      0      0      0      0   2785     15      0 
 20260722    04:11:41       0      3      2      0      0      0      0   2781     15      0 
 20260722    04:11:42       0      0      0      0      0      0      0   2785     15      0 
 20260722    04:11:43       0     74     40      0      0      0      0   2785     15      0 
 20260722    04:11:44       0      0      0      0      0      0      0   2785     15      0 
 20260722    04:11:45       0      7      2      0      0      0      0   2785     15      0 
 20260722    04:11:46       0      6      1      0      0      0      0   2785     15      0 
 20260722    04:11:47       0     61     32      0      0      0      0   2785     15      0 
 20260722    04:11:48       0      0      0      0      0      0      0   2785     15      0 
 20260722    04:11:49       0      0      0      0      0      0      0   2785     15      0 
 20260722    04:11:50       0     13      0      0      0      0      0   2785     15      0 
 20260722    04:11:51       0      0      0      0      0      0      0   2781     15      0 
 20260722    04:11:52       0      2      0      0      0      0      0   2785     15      0 
 20260722    04:11:53       0      0      0      0      0      0      0   2785     15      0 
 20260722    04:11:54       0      0      0      0      0      0      0   2785     15      0 
#Date        Time         gpu     sm    mem    enc    dec    jpg    ofa     fb   bar1   ccpm 
#YYYYMMDD    HH:MM:SS     Idx      %      %      %      %      %      %     MB     MB     MB 
 20260722    04:11:55       0      3      1      0      0      0      0   2785     15      0 
 20260722    04:11:56       0     38     21      0      0      0      0   2785     15      0 
 20260722    04:11:57       0      0      0      0      0      0      0   2785     15      0 
 20260722    04:11:58       0      0      0      0      0      0      0   2783     15      0 
 20260722    04:11:59       0      1      1      0      0      0      0   2785     15      0 
 20260722    04:12:00       0      0      0      0      0      0      0   2785     15      0 
 20260722    04:12:01       0     12      6      0      0      0      0   2305     15      0 
 20260722    04:12:02       0      3      1      0      0      0      0   2781     15      0 
 20260722    04:12:03       0     19      9      0      0      0      0   2785     15      0 
 20260722    04:12:04       0      0      0      0      0      0      0   2783     15      0 
 20260722    04:12:05       0     53     29      0      0      0      0   2783     15      0 
 20260722    04:12:06       0      2      1      0      0      0      0   2785     15      0 
 20260722    04:12:07       0      0      0      0      0      0      0   2785     15      0 
 20260722    04:12:08       0      0      0      0      0      0      0   2785     15      0 
 20260722    04:12:09       0     53     27      0      0      0      0   2785     15      0 
 20260722    04:12:10       0      0      0      0      0      0      0   2783     15      0 
 20260722    04:12:11       0      2      1      0      0      0      0   2785     15      0 
 20260722    04:12:12       0     20      3      0      0      0      0   2785     15      0 
 20260722    04:12:13       0      0      0      0      0      0      0   2785     15      0 
 20260722    04:12:14       0     38     20      0      0      0      0   2785     15      0 
 20260722    04:12:15       0      0      0      0      0      0      0   2785     15      0 
 20260722    04:12:16       0     25      3      0      0      0      0   2783     15      0 
 20260722    04:12:17       0      4      2      0      0      0      0   2785     15      0 
 20260722    04:12:18       0     53     28      0      0      0      0   2785     15      0 
 20260722    04:12:19       0     16      4      0      0      0      0   1207     15      0 
 20260722    04:12:20       0     36     19      0      0      0      0   2785     15      0 
 20260722    04:12:21       0      0      0      0      0      0      0   2785     15      0 
 20260722    04:12:22       0      3      1      0      0      0      0   1207     15      0 
 20260722    04:12:23       0     15      7      0      0      0      0   2785     15      0 
 20260722    04:12:24       0     13      0      0      0      0      0   2785     15      0 
 20260722    04:12:25       0     20      0      0      0      0      0   2785     15      0 
 20260722    04:12:26       0      4      2      0      0      0      0   2785     15      0 
 20260722    04:12:27       0      1      0      0      0      0      0   2783     15      0 
 20260722    04:12:28       0     19      9      0      0      0      0   2781     15      0 
 20260722    04:12:29       0     17      4      0      0      0      0   1207     15      0 
 20260722    04:12:30       0     20      3      0      0      0      0   1207     15      0 
 20260722    04:12:31       0      1      1      0      0      0      0   2785     15      0 
 20260722    04:12:32       0      0      0      0      0      0      0   2783     15      0 
 20260722    04:12:33       0      0      0      0      0      0      0   2785     15      0 
 20260722    04:12:34       0     41     20      0      0      0      0   2787     15      0 
 20260722    04:12:35       0     81     44      0      0      0      0   2787     15      0 
 20260722    04:12:36       0      5      2      0      0      0      0   2785     15      0 
 20260722    04:12:37       0      3      1      0      0      0      0   2783     15      0 
 20260722    04:12:38       0     28     15      0      0      0      0   2785     15      0 
#Date        Time         gpu     sm    mem    enc    dec    jpg    ofa     fb   bar1   ccpm 
#YYYYMMDD    HH:MM:SS     Idx      %      %      %      %      %      %     MB     MB     MB 
 20260722    04:12:39       0      0      0      0      0      0      0   2785     15      0 
 20260722    04:12:40       0      3      1      0      0      0      0   2781     15      0 
 20260722    04:12:41       0     37      9      0      0      0      0   2785     15      0 
 20260722    04:12:42       0      1      0      0      0      0      0   2785     15      0 
 20260722    04:12:43       0     17      9      0      0      0      0   2785     15      0 
 20260722    04:12:44       0     21     11      0      0      0      0   2785     15      0 
 20260722    04:12:45       0      2      1      0      0      0      0   2785     15      0 
 20260722    04:12:46       0      2      1      0      0      0      0   2785     15      0 
 20260722    04:12:47       0      4      1      0      0      0      0   2785     15      0 
 20260722    04:12:48       0     19      4      0      0      0      0   2781     15      0 
 20260722    04:12:49       0     26     14      0      0      0      0   2785     15      0 
 20260722    04:12:50       0     20     10      0      0      0      0   2785     15      0 
 20260722    04:12:51       0      0      0      0      0      0      0   2785     15      0 
 20260722    04:12:52       0      5      3      0      0      0      0   2785     15      0 
 20260722    04:12:53       0     23     12      0      0      0      0   2787     15      0 
 20260722    04:12:54       0     15      3      0      0      0      0   1207     15      0 
 20260722    04:12:55       0     44     18      0      0      0      0   2781     15      0 
 20260722    04:12:56       0      0      0      0      0      0      0   2785     15      0 
 20260722    04:12:57       0     83     44      0      0      0      0   1207     15      0 
 20260722    04:12:58       0     35     19      0      0      0      0   2785     15      0 
 20260722    04:12:59       0      1      1      0      0      0      0   2785     15      0 
 20260722    04:13:00       0     13      7      0      0      0      0   2785     15      0 
 20260722    04:13:01       0      2      1      0      0      0      0   2785     15      0 
 20260722    04:13:02       0      4      2      0      0      0      0   2785     15      0 
 20260722    04:13:03       0      3      1      0      0      0      0   2783     15      0 
 20260722    04:13:04       0      1      0      0      0      0      0   2785     15      0 
 20260722    04:13:05       0     16      0      0      0      0      0   2785     15      0 
 20260722    04:13:06       0      2      1      0      0      0      0   2785     15      0 
 20260722    04:13:07       0      2      0      0      0      0      0   2783     15      0 
 20260722    04:13:08       0     18      1      0      0      0      0   2781     15      0 
 20260722    04:13:09       0     16      3      0      0      0      0   2785     15      0 
 20260722    04:13:10       0     37     20      0      0      0      0   1207     15      0 
 20260722    04:13:11       0      0      0      0      0      0      0   2787     15      0 
 20260722    04:13:12       0     90     48      0      0      0      0   2785     15      0 
 20260722    04:13:13       0      0      0      0      0      0      0   2781     15      0 
 20260722    04:13:14       0      0      0      0      0      0      0   2785     15      0 
 20260722    04:13:15       0      0      0      0      0      0      0   2785     15      0 
 20260722    04:13:16       0     30     16      0      0      0      0   1207     15      0 
 20260722    04:13:17       0      0      0      0      0      0      0   2785     15      0 
 20260722    04:13:18       0      0      0      0      0      0      0   2785     15      0 
 20260722    04:13:19       0     17      9      0      0      0      0   2785     15      0 
 20260722    04:13:20       0     22      2      0      0      0      0   2785     15      0 
 20260722    04:13:21       0      2      0      0      0      0      0   2785     15      0 
 20260722    04:13:22       0      2      0      0      0      0      0   2785     15      0 
#Date        Time         gpu     sm    mem    enc    dec    jpg    ofa     fb   bar1   ccpm 
#YYYYMMDD    HH:MM:SS     Idx      %      %      %      %      %      %     MB     MB     MB 
 20260722    04:13:23       0     19      9      0      0      0      0   2785     15      0 
 20260722    04:13:24       0      0      0      0      0      0      0   2785     15      0 
 20260722    04:13:25       0      0      0      0      0      0      0   1207     15      0 
 20260722    04:13:26       0      1      1      0      0      0      0   2785     15      0 
 20260722    04:13:27       0      1      1      0      0      0      0   2783     15      0 
 20260722    04:13:28       0     47     23      0      0      0      0   2785     15      0 
 20260722    04:13:29       0      7      4      0      0      0      0   2785     15      0 
 20260722    04:13:30       0      1      1      0      0      0      0   2785     15      0 
 20260722    04:13:31       0     10      2      0      0      0      0   2783     15      0 
 20260722    04:13:32       0     35     11      0      0      0      0   2781     15      0 
 20260722    04:13:33       0     36     14      0      0      0      0   2785     15      0 
 20260722    04:13:34       0      5      3      0      0      0      0   2785     15      0 
 20260722    04:13:35       0      1      0      0      0      0      0   2783     15      0 
 20260722    04:13:36       0     26      6      0      0      0      0   2785     15      0 
 20260722    04:13:37       0      0      0      0      0      0      0   2785     15      0 
 20260722    04:13:38       0     19      9      0      0      0      0   2785     15      0 
 20260722    04:13:39       0     45     21      0      0      0      0   2785     15      0 
 20260722    04:13:40       0      3      1      0      0      0      0   2783     15      0 
 20260722    04:13:41       0      6      3      0      0      0      0   2785     15      0 
 20260722    04:13:42       0      1      0      0      0      0      0   2785     15      0 
 20260722    04:13:43       0     88     47      0      0      0      0   2785     15      0 
 20260722    04:13:44       0     26     16      0      0      0      0   2785     15      0 
 20260722    04:13:45       0      0      0      0      0      0      0   2785     15      0 
 20260722    04:13:46       0      0      0      0      0      0      0   2785     15      0 
 20260722    04:13:47       0      3      1      0      0      0      0   2785     15      0 
 20260722    04:13:48       0      2      0      0      0      0      0   2785     15      0 
 20260722    04:13:49       0     17      3      0      0      0      0   2785     15      0 
 20260722    04:13:50       0      0      0      0      0      0      0   1207     15      0 
 20260722    04:13:51       0      0      0      0      0      0      0   2785     15      0 
 20260722    04:13:52       0      0      0      0      0      0      0   2785     15      0 
 20260722    04:13:53       0     18      9      0      0      0      0   2785     15      0 
 20260722    04:13:54       0      0      0      0      0      0      0   2785     15      0 
 20260722    04:13:55       0     70     38      0      0      0      0   2785     15      0 
 20260722    04:13:56       0     37     16      0      0      0      0   1207     15      0 
 20260722    04:13:57       0      3      2      0      0      0      0   2785     15      0 
 20260722    04:13:58       0      2      0      0      0      0      0   2783     15      0 
 20260722    04:13:59       0      2      1      0      0      0      0   2785     15      0 
 20260722    04:14:00       0      2      0      0      0      0      0   2783     15      0 
 20260722    04:14:01       0     55     30      0      0      0      0   2785     15      0 
 20260722    04:14:02       0      2      1      0      0      0      0   2785     15      0 
 20260722    04:14:03       0     19      9      0      0      0      0   2785     15      0 
 20260722    04:14:04       0     49     26      0      0      0      0   2785     15      0 
 20260722    04:14:05       0      0      0      0      0      0      0   2785     15      0 
 20260722    04:14:06       0      3      0      0      0      0      0   1207     15      0 
#Date        Time         gpu     sm    mem    enc    dec    jpg    ofa     fb   bar1   ccpm 
#YYYYMMDD    HH:MM:SS     Idx      %      %      %      %      %      %     MB     MB     MB 
 20260722    04:14:07       0      2      1      0      0      0      0   2785     15      0 
 20260722    04:14:08       0     19      9      0      0      0      0   2785     15      0 
 20260722    04:14:09       0      3      1      0      0      0      0   2785     15      0 
 20260722    04:14:10       0     59     32      0      0      0      0   2785     15      0 
 20260722    04:14:11       0      3      0      0      0      0      0   2785     15      0 
 20260722    04:14:12       0      2      1      0      0      0      0   2785     15      0 
 20260722    04:14:13       0      0      0      0      0      0      0   2781     15      0 
 20260722    04:14:14       0      0      0      0      0      0      0   2785     15      0 
 20260722    04:14:15       0     71     38      0      0      0      0   2781     15      0 
 20260722    04:14:16       0      2      0      0      0      0      0   2785     15      0 
 20260722    04:14:17       0     63     34      0      0      0      0   2783     15      0 
 20260722    04:14:18       0      1      0      0      0      0      0   2785     15      0 
 20260722    04:14:19       0      0      0      0      0      0      0   2783     15      0 
 20260722    04:14:20       0     27      8      0      0      0      0   2781     15      0 
 20260722    04:14:21       0      2      1      0      0      0      0   2785     15      0 
 20260722    04:14:22       0     57     30      0      0      0      0   2783     15      0 
 20260722    04:14:23       0      2      2      0      0      0      0   2785     15      0 
 20260722    04:14:24       0     19      9      0      0      0      0   2785     15      0 
 20260722    04:14:25       0      9      4      0      0      0      0   1303     15      0 
 20260722    04:14:26       0      0      0      0      0      0      0   2785     15      0 
 20260722    04:14:27       0     24     17      0      0      0      0   1207     15      0 
 20260722    04:14:28       0      0      0      0      0      0      0   2785     15      0 
 20260722    04:14:29       0      0      0      0      0      0      0   1207     15      0 
 20260722    04:14:30       0      3      1      0      0      0      0   2785     15      0 
 20260722    04:14:31       0      0      0      0      0      0      0   2785     15      0 
 20260722    04:14:32       0      0      0      0      0      0      0   2785     15      0 
 20260722    04:14:33       0      0      0      0      0      0      0   2785     15      0 
 20260722    04:14:34       0     16      7      0      0      0      0   2785     15      0 
 20260722    04:14:35       0      0      0      0      0      0      0   2785     15      0 
 20260722    04:14:36       0      0      0      0      0      0      0   2785     15      0 
 20260722    04:14:37       0      1      0      0      0      0      0   2785     15      0 
 20260722    04:14:38       0      3      1      0      0      0      0   2785     15      0 
 20260722    04:14:39       0     19      9      0      0      0      0   2785     15      0 
 20260722    04:14:40       0     16      2      0      0      0      0   2785     15      0 
 20260722    04:14:41       0     44     24      0      0      0      0   2781     15      0 
 20260722    04:14:42       0      1      0      0      0      0      0   2785     15      0 
 20260722    04:14:43       0     30     10      0      0      0      0   2785     15      0 
 20260722    04:14:44       0      0      0      0      0      0      0   2785     15      0 
 20260722    04:14:45       0     19      9      0      0      0      0   2785     15      0 
 20260722    04:14:46       0     48     24      0      0      0      0   2783     15      0 
 20260722    04:14:47       0      1      0      0      0      0      0   2785     15      0 
 20260722    04:14:48       0      6      3      0      0      0      0   2785     15      0 
 20260722    04:14:49       0      0      0      0      0      0      0   2785     15      0 
 20260722    04:14:50       0     17      5      0      0      0      0   2783     15      0 
#Date        Time         gpu     sm    mem    enc    dec    jpg    ofa     fb   bar1   ccpm 
#YYYYMMDD    HH:MM:SS     Idx      %      %      %      %      %      %     MB     MB     MB 
 20260722    04:14:51       0      2      1      0      0      0      0   2781     15      0 
 20260722    04:14:52       0      0      0      0      0      0      0   2785     15      0 
 20260722    04:14:53       0     15      0      0      0      0      0   2781     15      0 
 20260722    04:14:54       0     50     27      0      0      0      0   2785     15      0 
 20260722    04:14:55       0     36     11      0      0      0      0   2781     15      0 
 20260722    04:14:56       0      1      1      0      0      0      0   2785     15      0 
 20260722    04:14:57       0     15      0      0      0      0      0   2785     15      0 
 20260722    04:14:58       0      0      0      0      0      0      0   2781     15      0 
 20260722    04:14:59       0      1      1      0      0      0      0   2785     15      0 
 20260722    04:15:01       0     90     48      0      0      0      0   2785     15      0 
 20260722    04:15:02       0     56     29      0      0      0      0   2785     15      0 
 20260722    04:15:03       0      0      0      0      0      0      0   2785     15      0 
 20260722    04:15:04       0     15      0      0      0      0      0   2785     15      0 
 20260722    04:15:05       0      0      0      0      0      0      0   2783     15      0 
 20260722    04:15:06       0      0      0      0      0      0      0   2785     15      0 
 20260722    04:15:07       0      4      2      0      0      0      0   2785     15      0 
 20260722    04:15:08       0      6      3      0      0      0      0   2785     15      0 
 20260722    04:15:09       0      0      0      0      0      0      0   2785     15      0 
 20260722    04:15:10       0      7      2      0      0      0      0   2783     15      0 
 20260722    04:15:11       0      3      1      0      0      0      0   2785     15      0 
 20260722    04:15:12       0      1      1      0      0      0      0   2781     15      0 
 20260722    04:15:13       0      2      0      0      0      0      0   2785     15      0 
 20260722    04:15:14       0      3      1      0      0      0      0   2781     15      0 
 20260722    04:15:15       0      1      1      0      0      0      0   2785     15      0 
 20260722    04:15:16       0     52     27      0      0      0      0   2785     15      0 
 20260722    04:15:17       0      0      0      0      0      0      0   2785     15      0 
 20260722    04:15:18       0     59     32      0      0      0      0   2785     15      0 
 20260722    04:15:19       0      0      0      0      0      0      0   2785     15      0 
 20260722    04:15:20       0     44     23      0      0      0      0   2783     15      0 
 20260722    04:15:21       0      4      2      0      0      0      0   2781     15      0 
 20260722    04:15:22       0      2      0      0      0      0      0   2785     15      0 
 20260722    04:15:23       0     39     20      0      0      0      0   2785     15      0 
 20260722    04:15:24       0      2      1      0      0      0      0   2785     15      0 
 20260722    04:15:25       0      0      0      0      0      0      0   2785     15      0 
 20260722    04:15:26       0     71     38      0      0      0      0   2785     15      0 
 20260722    04:15:27       0     79     42      0      0      0      0   2785     15      0 
 20260722    04:15:28       0     18      2      0      0      0      0   1207     15      0 
 20260722    04:15:29       0     22     10      0      0      0      0   1207     15      0 
 20260722    04:15:30       0      3      1      0      0      0      0   2785     15      0 
 20260722    04:15:31       0      0      0      0      0      0      0   2785     15      0 
 20260722    04:15:32       0     55     34      0      0      0      0   2785     15      0 
 20260722    04:15:33       0      0      0      0      0      0      0   2785     15      0 
 20260722    04:15:34       0      0      0      0      0      0      0   2785     15      0 
 20260722    04:15:35       0      0      0      0      0      0      0   2785     15      0 
#Date        Time         gpu     sm    mem    enc    dec    jpg    ofa     fb   bar1   ccpm 
#YYYYMMDD    HH:MM:SS     Idx      %      %      %      %      %      %     MB     MB     MB 
 20260722    04:15:36       0     20     11      0      0      0      0   2785     15      0 
 20260722    04:15:37       0      0      0      0      0      0      0   2785     15      0 
 20260722    04:15:38       0      0      0      0      0      0      0   2785     15      0 
 20260722    04:15:39       0      0      0      0      0      0      0   2785     15      0 
 20260722    04:15:40       0     89     47      0      0      0      0   2785     15      0 
 20260722    04:15:41       0     22     12      0      0      0      0   2783     15      0 
 20260722    04:15:42       0      2      1      0      0      0      0   2783     15      0 
 20260722    04:15:43       0      1      1      0      0      0      0   2783     15      0 
 20260722    04:15:44       0      4      1      0      0      0      0   2785     15      0 
 20260722    04:15:45       0     79     42      0      0      0      0   2785     15      0 
 20260722    04:15:46       0      0      0      0      0      0      0   2785     15      0 
 20260722    04:15:47       0      5      2      0      0      0      0   2785     15      0 
 20260722    04:15:48       0     21      5      0      0      0      0   1207     15      0 
 20260722    04:15:49       0      3      1      0      0      0      0   2781     15      0 
 20260722    04:15:50       0      0      0      0      0      0      0   2785     15      0 
 20260722    04:15:51       0      4      2      0      0      0      0   2783     15      0 
 20260722    04:15:52       0      8      3      0      0      0      0   2781     15      0 
 20260722    04:15:53       0     19      9      0      0      0      0   2781     15      0 
 20260722    04:15:54       0      0      0      0      0      0      0   2785     15      0 
 20260722    04:15:55       0     87     46      0      0      0      0   2785     15      0 
 20260722    04:15:56       0      6      3      0      0      0      0   2785     15      0 
 20260722    04:15:57       0     13      7      0      0      0      0   2785     15      0 
 20260722    04:15:58       0      1      1      0      0      0      0   2783     15      0 
 20260722    04:15:59       0      1      0      0      0      0      0   2785     15      0 
 20260722    04:16:00       0     51     31      0      0      0      0   2785     15      0 
 20260722    04:16:01       0      1      1      0      0      0      0   2783     15      0 
 20260722    04:16:02       0      0      0      0      0      0      0   2785     15      0 
 20260722    04:16:03       0      0      0      0      0      0      0   2785     15      0 
 20260722    04:16:04       0      0      0      0      0      0      0   2785     15      0 
 20260722    04:16:05       0      0      0      0      0      0      0   2785     15      0 
 20260722    04:16:06       0     19      9      0      0      0      0   2781     15      0 
 20260722    04:16:07       0     63     34      0      0      0      0   2785     15      0 
 20260722    04:16:08       0      4      2      0      0      0      0   2785     15      0 
 20260722    04:16:09       0     35     12      0      0      0      0   2785     15      0 
 20260722    04:16:10       0     85     45      0      0      0      0   2785     15      0 
 20260722    04:16:11       0      2      1      0      0      0      0   2785     15      0 
 20260722    04:16:12       0      0      0      0      0      0      0   2785     15      0 
 20260722    04:16:13       0     12      6      0      0      0      0   2783     15      0 
 20260722    04:16:14       0     12      6      0      0      0      0   1207     15      0 
 20260722    04:16:15       0      0      0      0      0      0      0   2785     15      0 
 20260722    04:16:16       0     13      0      0      0      0      0   2785     15      0 
 20260722    04:16:17       0     40     17      0      0      0      0   2785     15      0 
 20260722    04:16:18       0      2      1      0      0      0      0   2785     15      0 
 20260722    04:16:19       0     18      2      0      0      0      0   2781     15      0 
#Date        Time         gpu     sm    mem    enc    dec    jpg    ofa     fb   bar1   ccpm 
#YYYYMMDD    HH:MM:SS     Idx      %      %      %      %      %      %     MB     MB     MB 
 20260722    04:16:20       0     16      1      0      0      0      0   2781     15      0 
 20260722    04:16:21       0     19      9      0      0      0      0   2785     15      0 
 20260722    04:16:22       0      2      0      0      0      0      0   2783     15      0 
 20260722    04:16:23       0      3      1      0      0      0      0   2783     15      0 
 20260722    04:16:24       0     56     30      0      0      0      0   1207     15      0 
 20260722    04:16:25       0     45     22      0      0      0      0   2781     15      0 
 20260722    04:16:26       0     33     12      0      0      0      0   2785     15      0 
 20260722    04:16:27       0     68     36      0      0      0      0   2781     15      0 
 20260722    04:16:28       0     15      1      0      0      0      0   2785     15      0 
 20260722    04:16:29       0      0      0      0      0      0      0   2785     15      0 
 20260722    04:16:30       0     19      9      0      0      0      0   2785     15      0 
 20260722    04:16:31       0      0      0      0      0      0      0   2785     15      0 
 20260722    04:16:32       0      0      0      0      0      0      0   2785     15      0 
 20260722    04:16:33       0      0      0      0      0      0      0   1207     15      0 
 20260722    04:16:34       0      2      1      0      0      0      0   2785     15      0 
 20260722    04:16:35       0      3      1      0      0      0      0   2785     15      0 
 20260722    04:16:36       0     35     18      0      0      0      0   2785     15      0 
 20260722    04:16:37       0      0      0      0      0      0      0   2785     15      0 
 20260722    04:16:38       0      5      0      0      0      0      0   2785     15      0 
 20260722    04:16:39       0      0      0      0      0      0      0   2785     15      0 
 20260722    04:16:40       0      1      0      0      0      0      0   2783     15      0 
 20260722    04:16:41       0     18      2      0      0      0      0   2783     15      0 
 20260722    04:16:42       0      0      0      0      0      0      0   2787     15      0 
 20260722    04:16:43       0      2      0      0      0      0      0   2785     15      0 
 20260722    04:16:44       0     19      9      0      0      0      0   2785     15      0 
 20260722    04:16:45       0     12      5      0      0      0      0   2785     15      0 
 20260722    04:16:46       0     19      9      0      0      0      0   2783     15      0 
 20260722    04:16:47       0     17      7      0      0      0      0   2783     15      0 
 20260722    04:16:48       0      3      1      0      0      0      0   2785     15      0 
 20260722    04:16:49       0     47     25      0      0      0      0   2785     15      0 
 20260722    04:16:50       0      1      0      0      0      0      0   2785     15      0 
 20260722    04:16:51       0     20      6      0      0      0      0   2785     15      0 
 20260722    04:16:52       0      0      0      0      0      0      0   2785     15      0 
 20260722    04:16:53       0      3      1      0      0      0      0   2783     15      0 
 20260722    04:16:54       0     78     42      0      0      0      0   2785     15      0 
 20260722    04:16:55       0      0      0      0      0      0      0   1207     15      0 
 20260722    04:16:56       0      0      0      0      0      0      0   2785     15      0 
 20260722    04:16:57       0     19      9      0      0      0      0   2785     15      0 
 20260722    04:16:58       0      0      0      0      0      0      0   2785     15      0 
 20260722    04:16:59       0     24     12      0      0      0      0   2785     15      0 
 20260722    04:17:00       0      3      1      0      0      0      0   2785     15      0 
 20260722    04:17:01       0     17      3      0      0      0      0   2783     15      0 
 20260722    04:17:02       0      0      0      0      0      0      0   2781     15      0 
 20260722    04:17:03       0      5      3      0      0      0      0   2787     15      0 
#Date        Time         gpu     sm    mem    enc    dec    jpg    ofa     fb   bar1   ccpm 
#YYYYMMDD    HH:MM:SS     Idx      %      %      %      %      %      %     MB     MB     MB 
 20260722    04:17:04       0      1      1      0      0      0      0   2785     15      0 
 20260722    04:17:05       0      2      0      0      0      0      0   2783     15      0 
 20260722    04:17:06       0      3      1      0      0      0      0   2785     15      0 
 20260722    04:17:07       0      2      0      0      0      0      0   2785     15      0 
 20260722    04:17:08       0     44     20      0      0      0      0   2781     15      0 
 20260722    04:17:09       0      0      0      0      0      0      0   2785     15      0 
 20260722    04:17:10       0     84     45      0      0      0      0   2785     15      0 
 20260722    04:17:11       0      0      0      0      0      0      0   2785     15      0 
 20260722    04:17:12       0     20      6      0      0      0      0   2783     15      0 
 20260722    04:17:13       0      1      1      0      0      0      0   2787     15      0 
 20260722    04:17:14       0      3      1      0      0      0      0   2785     15      0 
 20260722    04:17:15       0      2      0      0      0      0      0   2783     15      0 
 20260722    04:17:16       0      1      1      0      0      0      0   2787     15      0 
 20260722    04:17:17       0      0      0      0      0      0      0   2785     15      0 
 20260722    04:17:18       0      3      1      0      0      0      0   2785     15      0 
 20260722    04:17:19       0      3      1      0      0      0      0   2785     15      0 
 20260722    04:17:20       0      0      0      0      0      0      0   2785     15      0 
 20260722    04:17:21       0      1      0      0      0      0      0   1207     15      0 
 20260722    04:17:22       0      9      0      0      0      0      0   2785     15      0 
 20260722    04:17:23       0     65     35      0      0      0      0   2785     15      0 
 20260722    04:17:24       0     10      4      0      0      0      0   2785     15      0 
 20260722    04:17:25       0     18      2      0      0      0      0   2785     15      0 
 20260722    04:17:26       0      3      1      0      0      0      0   2785     15      0 
 20260722    04:17:27       0     35     18      0      0      0      0   2783     15      0 
 20260722    04:17:28       0      0      0      0      0      0      0   2785     15      0 
 20260722    04:17:29       0     43     16      0      0      0      0   2785     15      0 
 20260722    04:17:30       0      1      1      0      0      0      0   2785     15      0 
 20260722    04:17:31       0     43     23      0      0      0      0   2781     15      0 
 20260722    04:17:32       0     41     28      0      0      0      0   2781     15      0 
 20260722    04:17:33       0      0      0      0      0      0      0   2785     15      0 
 20260722    04:17:34       0      0      0      0      0      0      0   2785     15      0 
 20260722    04:17:35       0     75     40      0      0      0      0   2785     15      0 
 20260722    04:17:36       0     12      0      0      0      0      0   2781     15      0 
 20260722    04:17:37       0      0      0      0      0      0      0   2785     15      0 
 20260722    04:17:38       0      0      0      0      0      0      0   1207     15      0 
 20260722    04:17:39       0     59     32      0      0      0      0   2781     15      0 
 20260722    04:17:40       0      1      1      0      0      0      0   2785     15      0 
 20260722    04:17:41       0      0      0      0      0      0      0   2785     15      0 
 20260722    04:17:42       0      1      1      0      0      0      0   2785     15      0 
 20260722    04:17:43       0     23      6      0      0      0      0   2785     15      0 
 20260722    04:17:44       0     25      5      0      0      0      0   2785     15      0 
 20260722    04:17:45       0     22     10      0      0      0      0   2785     15      0 
 20260722    04:17:46       0      7      3      0      0      0      0   2785     15      0 
 20260722    04:17:47       0     60     32      0      0      0      0   2785     15      0 
#Date        Time         gpu     sm    mem    enc    dec    jpg    ofa     fb   bar1   ccpm 
#YYYYMMDD    HH:MM:SS     Idx      %      %      %      %      %      %     MB     MB     MB 
 20260722    04:17:48       0      3      1      0      0      0      0   2785     15      0 
 20260722    04:17:49       0     13      7      0      0      0      0   2783     15      0 
 20260722    04:17:50       0     53     28      0      0      0      0   2785     15      0 
 20260722    04:17:51       0      0      0      0      0      0      0   2785     15      0 
 20260722    04:17:52       0     30      8      0      0      0      0   2785     15      0 
 20260722    04:17:53       0     41     20      0      0      0      0   2785     15      0 
 20260722    04:17:54       0      0      0      0      0      0      0   2785     15      0 
 20260722    04:17:55       0      2      1      0      0      0      0   2783     15      0 
 20260722    04:17:56       0      2      2      0      0      0      0   1207     15      0 
 20260722    04:17:57       0     65     34      0      0      0      0   2785     15      0 
 20260722    04:17:58       0      2      1      0      0      0      0   1207     15      0 
 20260722    04:17:59       0     47     25      0      0      0      0   2785     15      0 
 20260722    04:18:00       0     15      3      0      0      0      0   2785     15      0 
 20260722    04:18:01       0      0      0      0      0      0      0   2785     15      0 
 20260722    04:18:02       0     19      9      0      0      0      0   2785     15      0 
 20260722    04:18:03       0     25      0      0      0      0      0   2783     15      0 
 20260722    04:18:04       0      4      2      0      0      0      0   2781     15      0 
 20260722    04:18:05       0      2      1      0      0      0      0   2781     15      0 
 20260722    04:18:06       0     45     25      0      0      0      0   2783     15      0 
 20260722    04:18:07       0     58     31      0      0      0      0   2783     15      0 
 20260722    04:18:08       0     31      8      0      0      0      0   1207     15      0 
 20260722    04:18:09       0     19      9      0      0      0      0   2781     15      0 
 20260722    04:18:10       0     50     27      0      0      0      0   2785     15      0 
 20260722    04:18:12       0     17      8      0      0      0      0   2785     15      0 
 20260722    04:18:13       0     49     26      0      0      0      0   2785     15      0 
 20260722    04:18:14       0      0      0      0      0      0      0   2785     15      0 
 20260722    04:18:15       0     78     41      0      0      0      0   2785     15      0 
 20260722    04:18:16       0      0      0      0      0      0      0   2785     15      0 
 20260722    04:18:17       0     83     45      0      0      0      0   2785     15      0 
 20260722    04:18:18       0      1      1      0      0      0      0   2785     15      0 
 20260722    04:18:19       0     20      4      0      0      0      0   2785     15      0 
 20260722    04:18:20       0      0      0      0      0      0      0   1207     15      0 
 20260722    04:18:21       0     19      9      0      0      0      0   2785     15      0 
 20260722    04:18:22       0      0      0      0      0      0      0   2785     15      0 
 20260722    04:18:23       0      0      0      0      0      0      0   2785     15      0 
 20260722    04:18:24       0      9      0      0      0      0      0   2785     15      0 
 20260722    04:18:25       0     26      4      0      0      0      0   1207     15      0 
 20260722    04:18:26       0      0      0      0      0      0      0   2785     15      0 
 20260722    04:18:27       0     19      3      0      0      0      0   2783     15      0 
 20260722    04:18:28       0      2      1      0      0      0      0   2785     15      0 
 20260722    04:18:29       0     32     17      0      0      0      0   2785     15      0 
 20260722    04:18:30       0      1      1      0      0      0      0   1207     15      0 
 20260722    04:18:31       0      0      0      0      0      0      0   1207     15      0 
 20260722    04:18:32       0      0      0      0      0      0      0   1207     15      0 
#Date        Time         gpu     sm    mem    enc    dec    jpg    ofa     fb   bar1   ccpm 
#YYYYMMDD    HH:MM:SS     Idx      %      %      %      %      %      %     MB     MB     MB 
 20260722    04:18:33       0      0      0      0      0      0      0   1207     15      0 
 20260722    04:18:34       0      0      0      0      0      0      0   1207     15      0 
 20260722    04:18:35       0      0      0      0      0      0      0   1207     15      0 
