#Date        Time         gpu     sm    mem    enc    dec    jpg    ofa     fb   bar1   ccpm 
#YYYYMMDD    HH:MM:SS     Idx      %      %      %      %      %      %     MB     MB     MB 
 20260722    03:24:26       0      0      0      0      0      0      0     92     13      0 
 20260722    03:24:27       0      0      0      0      0      0      0     92     13      0 
 20260722    03:24:28       0      0      0      0      0      0      0     92     13      0 
 20260722    03:24:29       0      0      0      0      0      0      0     92     13      0 
 20260722    03:24:30       0      0      0      0      0      0      0     92     13      0 
 20260722    03:24:31       0      0      0      0      0      0      0     92     13      0 
 20260722    03:24:32       0      0      0      0      0      0      0     92     13      0 
 20260722    03:24:33       0      0      0      0      0      0      0     92     13      0 
 20260722    03:24:34       0      0      0      0      0      0      0     92     13      0 
 20260722    03:24:35       0      0      0      0      0      0      0     92     13      0 
 20260722    03:24:36       0      0      0      0      0      0      0     92     13      0 
 20260722    03:24:37       0      0      0      0      0      0      0     92     13      0 
 20260722    03:24:38       0      0      0      0      0      0      0     92     13      0 
 20260722    03:24:39       0      0      0      0      0      0      0     92     13      0 
 20260722    03:24:40       0      0      0      0      0      0      0     92     13      0 
 20260722    03:24:41       0      0      0      0      0      0      0     92     13      0 
 20260722    03:24:42       0      0      0      0      0      0      0     92     13      0 
 20260722    03:24:43       0      0      0      0      0      0      0     92     13      0 
 20260722    03:24:44       0      0      0      0      0      0      0     92     13      0 
 20260722    03:24:45       0      0      0      0      0      0      0     92     13      0 
 20260722    03:24:46       0      0      0      0      0      0      0     92     13      0 
 20260722    03:24:47       0      0      0      0      0      0      0     92     13      0 
 20260722    03:24:48       0      0      0      0      0      0      0    905     15      0 
 20260722    03:24:49       0      5      1      0      0      0      0   1279     15      0 
 20260722    03:24:50       0     13      5      0      0      0      0   1687     15      0 
 20260722    03:24:51       0      8      1      0      0      0      0   2781     15      0 
 20260722    03:24:52       0     58     32      0      0      0      0   2785     15      0 
 20260722    03:24:53       0     61     34      0      0      0      0   2785     15      0 
 20260722    03:24:54       0      0      0      0      0      0      0   2785     15      0 
 20260722    03:24:55       0     71     38      0      0      0      0   2785     15      0 
 20260722    03:24:56       0      4      0      0      0      0      0   2785     15      0 
 20260722    03:24:57       0      0      0      0      0      0      0   2785     15      0 
 20260722    03:24:58       0     74     41      0      0      0      0   2785     15      0 
 20260722    03:24:59       0      0      0      0      0      0      0   2785     15      0 
 20260722    03:25:00       0     62     34      0      0      0      0   2785     15      0 
 20260722    03:25:01       0      0      0      0      0      0      0   2781     15      0 
 20260722    03:25:02       0     26     15      0      0      0      0   2785     15      0 
 20260722    03:25:03       0     11      1      0      0      0      0   2785     15      0 
 20260722    03:25:04       0      0      0      0      0      0      0   2781     15      0 
 20260722    03:25:05       0     10      5      0      0      0      0   2785     15      0 
 20260722    03:25:06       0     50     25      0      0      0      0   2785     15      0 
 20260722    03:25:07       0     27      9      0      0      0      0   2783     15      0 
 20260722    03:25:08       0      0      0      0      0      0      0   2785     15      0 
 20260722    03:25:09       0     70     38      0      0      0      0   2785     15      0 
#Date        Time         gpu     sm    mem    enc    dec    jpg    ofa     fb   bar1   ccpm 
#YYYYMMDD    HH:MM:SS     Idx      %      %      %      %      %      %     MB     MB     MB 
 20260722    03:25:10       0     24      0      0      0      0      0   2783     15      0 
 20260722    03:25:11       0      0      0      0      0      0      0   2781     15      0 
 20260722    03:25:12       0      2      0      0      0      0      0   2785     15      0 
 20260722    03:25:13       0      2      1      0      0      0      0   2785     15      0 
 20260722    03:25:14       0     24     13      0      0      0      0   2785     15      0 
 20260722    03:25:15       0     26     14      0      0      0      0   2785     15      0 
 20260722    03:25:16       0     43     14      0      0      0      0   2783     15      0 
 20260722    03:25:17       0      1      1      0      0      0      0   2785     15      0 
 20260722    03:25:18       0     27     10      0      0      0      0   2785     15      0 
 20260722    03:25:19       0      0      0      0      0      0      0   2785     15      0 
 20260722    03:25:20       0      0      0      0      0      0      0   2783     15      0 
 20260722    03:25:21       0      1      1      0      0      0      0   2781     15      0 
 20260722    03:25:22       0     19      9      0      0      0      0   2785     15      0 
 20260722    03:25:23       0      0      0      0      0      0      0   2785     15      0 
 20260722    03:25:24       0      0      0      0      0      0      0   2785     15      0 
 20260722    03:25:25       0     14      8      0      0      0      0   2163     15      0 
 20260722    03:25:26       0      3      1      0      0      0      0   2781     15      0 
 20260722    03:25:27       0      0      0      0      0      0      0   2783     15      0 
 20260722    03:25:28       0     71     39      0      0      0      0   2785     15      0 
 20260722    03:25:29       0     14      0      0      0      0      0   2785     15      0 
 20260722    03:25:30       0     89     49      0      0      0      0   2785     15      0 
 20260722    03:25:31       0      0      0      0      0      0      0   2785     15      0 
 20260722    03:25:32       0      1      1      0      0      0      0   2785     15      0 
 20260722    03:25:33       0     82     45      0      0      0      0   2785     15      0 
 20260722    03:25:34       0      3      1      0      0      0      0   2781     15      0 
 20260722    03:25:35       0     39     19      0      0      0      0   2785     15      0 
 20260722    03:25:36       0      0      0      0      0      0      0   2785     15      0 
 20260722    03:25:37       0     18      3      0      0      0      0   1207     15      0 
 20260722    03:25:38       0      0      0      0      0      0      0   2785     15      0 
 20260722    03:25:39       0     18      3      0      0      0      0   1207     15      0 
 20260722    03:25:40       0     33     18      0      0      0      0   2785     15      0 
 20260722    03:25:41       0      0      0      0      0      0      0   2781     15      0 
 20260722    03:25:42       0      2      0      0      0      0      0   2783     15      0 
 20260722    03:25:43       0      3      1      0      0      0      0   2781     15      0 
 20260722    03:25:44       0      0      0      0      0      0      0   2785     15      0 
 20260722    03:25:45       0      0      0      0      0      0      0   2785     15      0 
 20260722    03:25:46       0     13      0      0      0      0      0   2785     15      0 
 20260722    03:25:47       0     90     49      0      0      0      0   1207     15      0 
 20260722    03:25:48       0     60     33      0      0      0      0   1207     15      0 
 20260722    03:25:49       0      1      1      0      0      0      0   2785     15      0 
 20260722    03:25:50       0      2      0      0      0      0      0   2783     15      0 
 20260722    03:25:51       0     23      5      0      0      0      0   2781     15      0 
 20260722    03:25:52       0      1      0      0      0      0      0   2785     15      0 
 20260722    03:25:53       0     54     29      0      0      0      0   1207     15      0 
#Date        Time         gpu     sm    mem    enc    dec    jpg    ofa     fb   bar1   ccpm 
#YYYYMMDD    HH:MM:SS     Idx      %      %      %      %      %      %     MB     MB     MB 
 20260722    03:25:54       0     17      2      0      0      0      0   2781     15      0 
 20260722    03:25:55       0     17      1      0      0      0      0   2781     15      0 
 20260722    03:25:56       0     62     34      0      0      0      0   1207     15      0 
 20260722    03:25:57       0      0      0      0      0      0      0   2785     15      0 
 20260722    03:25:58       0      0      0      0      0      0      0   1207     15      0 
 20260722    03:25:59       0      0      0      0      0      0      0   2785     15      0 
 20260722    03:26:00       0     15      0      0      0      0      0   2781     15      0 
 20260722    03:26:01       0     19      9      0      0      0      0   2785     15      0 
 20260722    03:26:02       0     79     44      0      0      0      0   2785     15      0 
 20260722    03:26:03       0     79     44      0      0      0      0   2781     15      0 
 20260722    03:26:04       0      4      2      0      0      0      0   2785     15      0 
 20260722    03:26:05       0     10      5      0      0      0      0   1207     15      0 
 20260722    03:26:06       0     16      1      0      0      0      0   2785     15      0 
 20260722    03:26:07       0     70     38      0      0      0      0   2785     15      0 
 20260722    03:26:08       0      2      1      0      0      0      0   2785     15      0 
 20260722    03:26:09       0      3      1      0      0      0      0   2785     15      0 
 20260722    03:26:10       0     52     33      0      0      0      0   2785     15      0 
 20260722    03:26:11       0      0      0      0      0      0      0   2785     15      0 
 20260722    03:26:12       0     36     12      0      0      0      0   2781     15      0 
 20260722    03:26:13       0      0      0      0      0      0      0   2785     15      0 
 20260722    03:26:14       0      2      0      0      0      0      0   2785     15      0 
 20260722    03:26:15       0     53     29      0      0      0      0   2785     15      0 
 20260722    03:26:16       0     52     27      0      0      0      0   2781     15      0 
 20260722    03:26:17       0     22     11      0      0      0      0   1207     15      0 
 20260722    03:26:18       0     19      0      0      0      0      0   2787     15      0 
 20260722    03:26:19       0      7      4      0      0      0      0   1207     15      0 
 20260722    03:26:20       0     16      1      0      0      0      0   1207     15      0 
 20260722    03:26:21       0      0      0      0      0      0      0   1207     15      0 
 20260722    03:26:22       0      4      0      0      0      0      0   1207     15      0 
 20260722    03:26:23       0     65     36      0      0      0      0   2787     15      0 
 20260722    03:26:24       0      0      0      0      0      0      0   2785     15      0 
 20260722    03:26:25       0     35     19      0      0      0      0   2785     15      0 
 20260722    03:26:26       0     48     26      0      0      0      0   2781     15      0 
 20260722    03:26:27       0      3      1      0      0      0      0   2785     15      0 
 20260722    03:26:28       0     19      9      0      0      0      0   2781     15      0 
 20260722    03:26:29       0     18      4      0      0      0      0   2785     15      0 
 20260722    03:26:31       0      0      0      0      0      0      0   2785     15      0 
 20260722    03:26:32       0      1      1      0      0      0      0   2785     15      0 
 20260722    03:26:33       0     19      9      0      0      0      0   2783     15      0 
 20260722    03:26:34       0     17      2      0      0      0      0   2785     15      0 
 20260722    03:26:35       0     15      8      0      0      0      0   2781     15      0 
 20260722    03:26:36       0     64     35      0      0      0      0   2781     15      0 
 20260722    03:26:37       0     26      6      0      0      0      0   2785     15      0 
 20260722    03:26:38       0     19      9      0      0      0      0   2785     15      0 
#Date        Time         gpu     sm    mem    enc    dec    jpg    ofa     fb   bar1   ccpm 
#YYYYMMDD    HH:MM:SS     Idx      %      %      %      %      %      %     MB     MB     MB 
 20260722    03:26:39       0      0      0      0      0      0      0   2785     15      0 
 20260722    03:26:40       0     19      9      0      0      0      0   2785     15      0 
 20260722    03:26:41       0      0      0      0      0      0      0   2785     15      0 
 20260722    03:26:42       0     19      9      0      0      0      0   2785     15      0 
 20260722    03:26:43       0     66     36      0      0      0      0   2781     15      0 
 20260722    03:26:44       0      3      1      0      0      0      0   2785     15      0 
 20260722    03:26:45       0     18      2      0      0      0      0   2785     15      0 
 20260722    03:26:46       0     43     24      0      0      0      0   2785     15      0 
 20260722    03:26:47       0     61     33      0      0      0      0   2781     15      0 
 20260722    03:26:48       0      3      1      0      0      0      0   2785     15      0 
 20260722    03:26:49       0      2      0      0      0      0      0   2785     15      0 
 20260722    03:26:50       0      3      1      0      0      0      0   2785     15      0 
 20260722    03:26:51       0     14      6      0      0      0      0   2785     15      0 
 20260722    03:26:52       0      9      4      0      0      0      0   2785     15      0 
 20260722    03:26:53       0     82     45      0      0      0      0   2783     15      0 
 20260722    03:26:54       0     46     21      0      0      0      0   2785     15      0 
 20260722    03:26:55       0      0      0      0      0      0      0   2785     15      0 
 20260722    03:26:56       0      0      0      0      0      0      0   2781     15      0 
 20260722    03:26:57       0     55     29      0      0      0      0   1207     15      0 
 20260722    03:26:58       0      0      0      0      0      0      0   1753     15      0 
 20260722    03:26:59       0     55     30      0      0      0      0   2785     15      0 
 20260722    03:27:00       0     33     11      0      0      0      0   2783     15      0 
 20260722    03:27:01       0      1      1      0      0      0      0   2785     15      0 
 20260722    03:27:02       0     15      7      0      0      0      0   2785     15      0 
 20260722    03:27:03       0     19      0      0      0      0      0   1207     15      0 
 20260722    03:27:04       0      2      1      0      0      0      0   2785     15      0 
 20260722    03:27:05       0      0      0      0      0      0      0   2785     15      0 
 20260722    03:27:06       0      3      1      0      0      0      0   2785     15      0 
 20260722    03:27:07       0      8      2      0      0      0      0   2785     15      0 
 20260722    03:27:08       0      0      0      0      0      0      0   2785     15      0 
 20260722    03:27:09       0      1      1      0      0      0      0   2785     15      0 
 20260722    03:27:10       0     65     35      0      0      0      0   2783     15      0 
 20260722    03:27:11       0      2      1      0      0      0      0   2785     15      0 
 20260722    03:27:12       0     19      9      0      0      0      0   2785     15      0 
 20260722    03:27:13       0      0      0      0      0      0      0   2781     15      0 
 20260722    03:27:14       0     56     30      0      0      0      0   2781     15      0 
 20260722    03:27:15       0      4      2      0      0      0      0   2785     15      0 
 20260722    03:27:16       0      0      0      0      0      0      0   2785     15      0 
 20260722    03:27:17       0     10      4      0      0      0      0   2785     15      0 
 20260722    03:27:18       0      4      2      0      0      0      0   1207     15      0 
 20260722    03:27:19       0      1      0      0      0      0      0   2785     15      0 
 20260722    03:27:20       0     17      2      0      0      0      0   2785     15      0 
 20260722    03:27:21       0      1      0      0      0      0      0   1207     15      0 
 20260722    03:27:22       0      0      0      0      0      0      0   2785     15      0 
#Date        Time         gpu     sm    mem    enc    dec    jpg    ofa     fb   bar1   ccpm 
#YYYYMMDD    HH:MM:SS     Idx      %      %      %      %      %      %     MB     MB     MB 
 20260722    03:27:23       0     21      5      0      0      0      0   2785     15      0 
 20260722    03:27:24       0      0      0      0      0      0      0   2785     15      0 
 20260722    03:27:25       0     16      1      0      0      0      0   2783     15      0 
 20260722    03:27:26       0     79     43      0      0      0      0   2781     15      0 
 20260722    03:27:27       0     56     30      0      0      0      0   2781     15      0 
 20260722    03:27:28       0     65     36      0      0      0      0   2785     15      0 
 20260722    03:27:29       0     34     11      0      0      0      0   2783     15      0 
 20260722    03:27:30       0      3      1      0      0      0      0   2785     15      0 
 20260722    03:27:31       0     19      9      0      0      0      0   2785     15      0 
 20260722    03:27:32       0      3      1      0      0      0      0   2785     15      0 
 20260722    03:27:33       0     27      2      0      0      0      0   2783     15      0 
 20260722    03:27:34       0      2      1      0      0      0      0   2785     15      0 
 20260722    03:27:35       0     19      9      0      0      0      0   2785     15      0 
 20260722    03:27:36       0      1      0      0      0      0      0   1207     15      0 
 20260722    03:27:37       0      0      0      0      0      0      0   2785     15      0 
 20260722    03:27:38       0      0      0      0      0      0      0   2783     15      0 
 20260722    03:27:39       0      0      0      0      0      0      0   2785     15      0 
 20260722    03:27:40       0      9      4      0      0      0      0   2785     15      0 
 20260722    03:27:41       0      5      3      0      0      0      0   2785     15      0 
 20260722    03:27:42       0      0      0      0      0      0      0   2785     15      0 
 20260722    03:27:43       0      0      0      0      0      0      0   2785     15      0 
 20260722    03:27:44       0     15      0      0      0      0      0   2785     15      0 
 20260722    03:27:45       0     16      8      0      0      0      0   2781     15      0 
 20260722    03:27:46       0     24      0      0      0      0      0   2785     15      0 
 20260722    03:27:47       0      0      0      0      0      0      0   1207     15      0 
 20260722    03:27:48       0     67     37      0      0      0      0   2787     15      0 
 20260722    03:27:49       0     64     35      0      0      0      0   2785     15      0 
 20260722    03:27:50       0      3      1      0      0      0      0   1207     15      0 
 20260722    03:27:51       0     71     39      0      0      0      0   2781     15      0 
 20260722    03:27:52       0     53     29      0      0      0      0   2785     15      0 
 20260722    03:27:53       0      1      1      0      0      0      0   1207     15      0 
 20260722    03:27:54       0      0      0      0      0      0      0   2785     15      0 
 20260722    03:27:55       0     16      4      0      0      0      0   2785     15      0 
 20260722    03:27:56       0     21      4      0      0      0      0   2785     15      0 
 20260722    03:27:57       0     34     19      0      0      0      0   2785     15      0 
 20260722    03:27:58       0      0      0      0      0      0      0   2781     15      0 
 20260722    03:27:59       0     44     24      0      0      0      0   2785     15      0 
 20260722    03:28:00       0     53     28      0      0      0      0   2785     15      0 
 20260722    03:28:01       0      0      0      0      0      0      0   2785     15      0 
 20260722    03:28:02       0      0      0      0      0      0      0   2781     15      0 
 20260722    03:28:03       0     76     42      0      0      0      0   2781     15      0 
 20260722    03:28:04       0      0      0      0      0      0      0   2785     15      0 
 20260722    03:28:05       0     16      5      0      0      0      0   2785     15      0 
 20260722    03:28:06       0      0      0      0      0      0      0   1207     15      0 
#Date        Time         gpu     sm    mem    enc    dec    jpg    ofa     fb   bar1   ccpm 
#YYYYMMDD    HH:MM:SS     Idx      %      %      %      %      %      %     MB     MB     MB 
 20260722    03:28:07       0      1      0      0      0      0      0   2785     15      0 
 20260722    03:28:08       0     25     13      0      0      0      0   2785     15      0 
 20260722    03:28:09       0     35     14      0      0      0      0   2783     15      0 
 20260722    03:28:10       0      3      1      0      0      0      0   2785     15      0 
 20260722    03:28:11       0     44     29      0      0      0      0   2783     15      0 
 20260722    03:28:12       0      0      0      0      0      0      0   2785     15      0 
 20260722    03:28:13       0     51     27      0      0      0      0   2783     15      0 
 20260722    03:28:14       0      1      1      0      0      0      0   2785     15      0 
 20260722    03:28:15       0      3      1      0      0      0      0   2785     15      0 
 20260722    03:28:16       0     55     42      0      0      0      0   2785     15      0 
 20260722    03:28:17       0      0      0      0      0      0      0   2785     15      0 
 20260722    03:28:18       0      0      0      0      0      0      0   2785     15      0 
 20260722    03:28:19       0      0      0      0      0      0      0   2781     15      0 
 20260722    03:28:20       0     18      9      0      0      0      0   1207     15      0 
 20260722    03:28:21       0     19      9      0      0      0      0   2785     15      0 
 20260722    03:28:22       0     26     14      0      0      0      0   2781     15      0 
 20260722    03:28:23       0      0      0      0      0      0      0   2783     15      0 
 20260722    03:28:24       0      1      1      0      0      0      0   2785     15      0 
 20260722    03:28:25       0     21      5      0      0      0      0   2785     15      0 
 20260722    03:28:26       0     31     16      0      0      0      0   2785     15      0 
 20260722    03:28:27       0     45     20      0      0      0      0   2785     15      0 
 20260722    03:28:28       0     23     12      0      0      0      0   2787     15      0 
 20260722    03:28:29       0     16      8      0      0      0      0   2785     15      0 
 20260722    03:28:30       0     31     12      0      0      0      0   2785     15      0 
 20260722    03:28:31       0      0      0      0      0      0      0   1207     15      0 
 20260722    03:28:32       0      3      1      0      0      0      0   2785     15      0 
 20260722    03:28:33       0     53     29      0      0      0      0   2787     15      0 
 20260722    03:28:34       0      1      0      0      0      0      0   2785     15      0 
 20260722    03:28:35       0      0      0      0      0      0      0   2785     15      0 
 20260722    03:28:36       0     83     46      0      0      0      0   2785     15      0 
 20260722    03:28:37       0      0      0      0      0      0      0   1207     15      0 
 20260722    03:28:38       0      6      2      0      0      0      0   2785     15      0 
 20260722    03:28:39       0      0      0      0      0      0      0   2785     15      0 
 20260722    03:28:40       0     38     22      0      0      0      0   2785     15      0 
 20260722    03:28:41       0     12      6      0      0      0      0   2785     15      0 
 20260722    03:28:42       0      0      0      0      0      0      0   2785     15      0 
 20260722    03:28:43       0      0      0      0      0      0      0   2785     15      0 
 20260722    03:28:44       0      0      0      0      0      0      0   2785     15      0 
 20260722    03:28:45       0     27     15      0      0      0      0   2785     15      0 
 20260722    03:28:46       0      0      0      0      0      0      0   2781     15      0 
 20260722    03:28:47       0      2      0      0      0      0      0   2785     15      0 
 20260722    03:28:48       0     82     45      0      0      0      0   2785     15      0 
 20260722    03:28:49       0     67     37      0      0      0      0   2785     15      0 
 20260722    03:28:50       0      0      0      0      0      0      0   2781     15      0 
#Date        Time         gpu     sm    mem    enc    dec    jpg    ofa     fb   bar1   ccpm 
#YYYYMMDD    HH:MM:SS     Idx      %      %      %      %      %      %     MB     MB     MB 
 20260722    03:28:51       0     19      9      0      0      0      0   2785     15      0 
 20260722    03:28:52       0     11      6      0      0      0      0   1207     15      0 
 20260722    03:28:53       0     18      3      0      0      0      0   2785     15      0 
 20260722    03:28:54       0     28      9      0      0      0      0   2785     15      0 
 20260722    03:28:55       0      0      0      0      0      0      0   1207     15      0 
 20260722    03:28:56       0     41     17      0      0      0      0   2787     15      0 
 20260722    03:28:57       0     19      0      0      0      0      0   2785     15      0 
 20260722    03:28:58       0      1      0      0      0      0      0   2785     15      0 
 20260722    03:28:59       0     15      7      0      0      0      0   2785     15      0 
 20260722    03:29:00       0     36     15      0      0      0      0   1207     15      0 
 20260722    03:29:01       0      1      1      0      0      0      0   2785     15      0 
 20260722    03:29:02       0      9      4      0      0      0      0   2785     15      0 
 20260722    03:29:03       0     42     23      0      0      0      0   2785     15      0 
 20260722    03:29:04       0     24      6      0      0      0      0   2785     15      0 
 20260722    03:29:05       0     12      2      0      0      0      0   2785     15      0 
 20260722    03:29:06       0      1      1      0      0      0      0   2785     15      0 
 20260722    03:29:07       0     18      4      0      0      0      0   1207     15      0 
 20260722    03:29:08       0      5      2      0      0      0      0   2785     15      0 
 20260722    03:29:09       0     22     12      0      0      0      0   2785     15      0 
 20260722    03:29:10       0     20      6      0      0      0      0   1207     15      0 
 20260722    03:29:11       0      0      0      0      0      0      0   2785     15      0 
 20260722    03:29:12       0      0      0      0      0      0      0   2785     15      0 
 20260722    03:29:13       0      1      1      0      0      0      0   2785     15      0 
 20260722    03:29:14       0     38     13      0      0      0      0   2785     15      0 
 20260722    03:29:15       0      1      1      0      0      0      0   2785     15      0 
 20260722    03:29:16       0     19      9      0      0      0      0   2785     15      0 
 20260722    03:29:17       0      0      0      0      0      0      0   2785     15      0 
 20260722    03:29:18       0      0      0      0      0      0      0   2785     15      0 
 20260722    03:29:19       0      0      0      0      0      0      0   2785     15      0 
 20260722    03:29:20       0     22      0      0      0      0      0   2785     15      0 
 20260722    03:29:21       0      1      1      0      0      0      0   2783     15      0 
 20260722    03:29:22       0     70     39      0      0      0      0   1207     15      0 
 20260722    03:29:23       0      0      0      0      0      0      0   2785     15      0 
 20260722    03:29:24       0      0      0      0      0      0      0   2785     15      0 
 20260722    03:29:25       0     73     40      0      0      0      0   1207     15      0 
 20260722    03:29:26       0      1      1      0      0      0      0   2785     15      0 
 20260722    03:29:27       0      3      1      0      0      0      0   2785     15      0 
 20260722    03:29:28       0      0      0      0      0      0      0   2785     15      0 
 20260722    03:29:29       0      0      0      0      0      0      0   2785     15      0 
 20260722    03:29:30       0     19      4      0      0      0      0   2781     15      0 
 20260722    03:29:31       0      1      1      0      0      0      0   2785     15      0 
 20260722    03:29:32       0     39     14      0      0      0      0   2781     15      0 
 20260722    03:29:33       0     14      0      0      0      0      0   2785     15      0 
 20260722    03:29:34       0     28      3      0      0      0      0   2785     15      0 
#Date        Time         gpu     sm    mem    enc    dec    jpg    ofa     fb   bar1   ccpm 
#YYYYMMDD    HH:MM:SS     Idx      %      %      %      %      %      %     MB     MB     MB 
 20260722    03:29:35       0      1      1      0      0      0      0   2785     15      0 
 20260722    03:29:36       0     85     47      0      0      0      0   2785     15      0 
 20260722    03:29:37       0     70     38      0      0      0      0   2781     15      0 
 20260722    03:29:38       0      0      0      0      0      0      0   2785     15      0 
 20260722    03:29:39       0     19      9      0      0      0      0   2785     15      0 
 20260722    03:29:40       0      0      0      0      0      0      0   2785     15      0 
 20260722    03:29:41       0      2      0      0      0      0      0   2783     15      0 
 20260722    03:29:42       0      1      1      0      0      0      0   2785     15      0 
 20260722    03:29:43       0      2      0      0      0      0      0   2783     15      0 
 20260722    03:29:44       0      2      0      0      0      0      0   2785     15      0 
 20260722    03:29:45       0      4      2      0      0      0      0   2785     15      0 
 20260722    03:29:46       0     19      9      0      0      0      0   2785     15      0 
 20260722    03:29:47       0     44     25      0      0      0      0   2785     15      0 
 20260722    03:29:48       0      0      0      0      0      0      0   2785     15      0 
 20260722    03:29:49       0     19      4      0      0      0      0   2785     15      0 
 20260722    03:29:50       0      0      0      0      0      0      0   2785     15      0 
 20260722    03:29:52       0     56     30      0      0      0      0   2785     15      0 
 20260722    03:29:53       0      0      0      0      0      0      0   2785     15      0 
 20260722    03:29:54       0     17      8      0      0      0      0   2785     15      0 
 20260722    03:29:55       0      0      0      0      0      0      0   2785     15      0 
 20260722    03:29:56       0      2      0      0      0      0      0   2783     15      0 
 20260722    03:29:57       0     67     47      0      0      0      0   2785     15      0 
 20260722    03:29:58       0      0      0      0      0      0      0   2785     15      0 
 20260722    03:29:59       0      2      2      0      0      0      0   2783     15      0 
 20260722    03:30:00       0     89     49      0      0      0      0   2785     15      0 
 20260722    03:30:01       0      0      0      0      0      0      0   2785     15      0 
 20260722    03:30:02       0     51     28      0      0      0      0   2785     15      0 
 20260722    03:30:03       0      0      0      0      0      0      0   2785     15      0 
 20260722    03:30:04       0     33     18      0      0      0      0   2785     15      0 
 20260722    03:30:05       0     15      1      0      0      0      0   2783     15      0 
 20260722    03:30:06       0     28     15      0      0      0      0   2781     15      0 
 20260722    03:30:07       0      2      1      0      0      0      0   2785     15      0 
 20260722    03:30:08       0     72     40      0      0      0      0   2785     15      0 
 20260722    03:30:09       0     70     38      0      0      0      0   2785     15      0 
 20260722    03:30:10       0      0      0      0      0      0      0   2785     15      0 
 20260722    03:30:11       0      6      3      0      0      0      0   2785     15      0 
 20260722    03:30:12       0     11      6      0      0      0      0   1207     15      0 
 20260722    03:30:13       0      0      0      0      0      0      0   2785     15      0 
 20260722    03:30:14       0     19      5      0      0      0      0   2785     15      0 
 20260722    03:30:15       0      0      0      0      0      0      0   2785     15      0 
 20260722    03:30:16       0     19      9      0      0      0      0   2783     15      0 
 20260722    03:30:17       0     72     40      0      0      0      0   2785     15      0 
 20260722    03:30:18       0      1      1      0      0      0      0   2785     15      0 
 20260722    03:30:19       0      0      0      0      0      0      0   2785     15      0 
#Date        Time         gpu     sm    mem    enc    dec    jpg    ofa     fb   bar1   ccpm 
#YYYYMMDD    HH:MM:SS     Idx      %      %      %      %      %      %     MB     MB     MB 
 20260722    03:30:20       0      0      0      0      0      0      0   2781     15      0 
 20260722    03:30:21       0     73     40      0      0      0      0   2785     15      0 
 20260722    03:30:22       0      3      1      0      0      0      0   2785     15      0 
 20260722    03:30:23       0     88     48      0      0      0      0   2785     15      0 
 20260722    03:30:24       0      0      0      0      0      0      0   2785     15      0 
 20260722    03:30:25       0      0      0      0      0      0      0   2785     15      0 
 20260722    03:30:26       0      2      0      0      0      0      0   2785     15      0 
 20260722    03:30:27       0     18      4      0      0      0      0   2785     15      0 
 20260722    03:30:28       0      0      0      0      0      0      0   2785     15      0 
 20260722    03:30:29       0     18      2      0      0      0      0   2785     15      0 
 20260722    03:30:30       0     19      9      0      0      0      0   2785     15      0 
 20260722    03:30:31       0     20      5      0      0      0      0   1207     15      0 
 20260722    03:30:32       0      0      0      0      0      0      0   2785     15      0 
 20260722    03:30:33       0     18      5      0      0      0      0   2785     15      0 
 20260722    03:30:34       0      0      0      0      0      0      0   2785     15      0 
 20260722    03:30:35       0     18      5      0      0      0      0   2785     15      0 
 20260722    03:30:36       0      0      0      0      0      0      0   2785     15      0 
 20260722    03:30:37       0     67     37      0      0      0      0   2785     15      0 
 20260722    03:30:38       0      0      0      0      0      0      0   2785     15      0 
 20260722    03:30:39       0      3      2      0      0      0      0   2785     15      0 
 20260722    03:30:40       0      3      1      0      0      0      0   2785     15      0 
 20260722    03:30:41       0     19      9      0      0      0      0   2785     15      0 
 20260722    03:30:42       0      0      0      0      0      0      0   1207     15      0 
 20260722    03:30:43       0      1      1      0      0      0      0   2785     15      0 
 20260722    03:30:44       0      1      0      0      0      0      0   2785     15      0 
 20260722    03:30:45       0      3      1      0      0      0      0   2785     15      0 
 20260722    03:30:46       0     46     20      0      0      0      0   2783     15      0 
 20260722    03:30:47       0      2      1      0      0      0      0   2785     15      0 
 20260722    03:30:48       0     19      9      0      0      0      0   2783     15      0 
 20260722    03:30:49       0      2      1      0      0      0      0   1207     15      0 
 20260722    03:30:50       0     11      0      0      0      0      0   2781     15      0 
 20260722    03:30:51       0     37     14      0      0      0      0   2781     15      0 
 20260722    03:30:52       0      0      0      0      0      0      0   2785     15      0 
 20260722    03:30:53       0     34     11      0      0      0      0   2785     15      0 
 20260722    03:30:54       0     70     39      0      0      0      0   2783     15      0 
 20260722    03:30:55       0      0      0      0      0      0      0   2785     15      0 
 20260722    03:30:56       0      6      3      0      0      0      0   2785     15      0 
 20260722    03:30:57       0     32     17      0      0      0      0   2785     15      0 
 20260722    03:30:58       0      3      0      0      0      0      0   2781     15      0 
 20260722    03:30:59       0      0      0      0      0      0      0   2785     15      0 
 20260722    03:31:00       0      0      0      0      0      0      0   2781     15      0 
 20260722    03:31:01       0      0      0      0      0      0      0   2785     15      0 
 20260722    03:31:02       0     25      8      0      0      0      0   2781     15      0 
 20260722    03:31:03       0      0      0      0      0      0      0   2785     15      0 
#Date        Time         gpu     sm    mem    enc    dec    jpg    ofa     fb   bar1   ccpm 
#YYYYMMDD    HH:MM:SS     Idx      %      %      %      %      %      %     MB     MB     MB 
 20260722    03:31:04       0     32     17      0      0      0      0   2781     15      0 
 20260722    03:31:05       0      2      1      0      0      0      0   1207     15      0 
 20260722    03:31:06       0      4      3      0      0      0      0   2785     15      0 
 20260722    03:31:07       0     19      9      0      0      0      0   2785     15      0 
 20260722    03:31:08       0     38     15      0      0      0      0   2785     15      0 
 20260722    03:31:09       0      0      0      0      0      0      0   2785     15      0 
 20260722    03:31:10       0     13      0      0      0      0      0   2785     15      0 
 20260722    03:31:11       0      0      0      0      0      0      0   1207     15      0 
 20260722    03:31:12       0     68     37      0      0      0      0   2785     15      0 
 20260722    03:31:13       0     85     47      0      0      0      0   2785     15      0 
 20260722    03:31:14       0     19      4      0      0      0      0   2785     15      0 
 20260722    03:31:15       0      0      0      0      0      0      0   2785     15      0 
 20260722    03:31:16       0      3      1      0      0      0      0   2785     15      0 
 20260722    03:31:17       0     14      2      0      0      0      0   2785     15      0 
 20260722    03:31:18       0      3      1      0      0      0      0   2785     15      0 
 20260722    03:31:19       0     12      0      0      0      0      0   2785     15      0 
 20260722    03:31:20       0     14      7      0      0      0      0   2783     15      0 
 20260722    03:31:21       0      8      0      0      0      0      0   2785     15      0 
 20260722    03:31:22       0      0      0      0      0      0      0   2785     15      0 
 20260722    03:31:23       0      1      0      0      0      0      0   2785     15      0 
 20260722    03:31:24       0      1      1      0      0      0      0   2785     15      0 
 20260722    03:31:25       0     49     31      0      0      0      0   2783     15      0 
 20260722    03:31:26       0      2      0      0      0      0      0   2785     15      0 
 20260722    03:31:27       0     45     27      0      0      0      0   2785     15      0 
 20260722    03:31:28       0      0      0      0      0      0      0   2785     15      0 
 20260722    03:31:29       0      0      0      0      0      0      0   2785     15      0 
 20260722    03:31:30       0      0      0      0      0      0      0   2785     15      0 
 20260722    03:31:31       0     33     10      0      0      0      0   2785     15      0 
 20260722    03:31:32       0      2      0      0      0      0      0   1207     15      0 
 20260722    03:31:33       0      2      0      0      0      0      0   1207     15      0 
 20260722    03:31:34       0     41     23      0      0      0      0   2781     15      0 
 20260722    03:31:35       0      2      2      0      0      0      0   2781     15      0 
 20260722    03:31:36       0     85     47      0      0      0      0   2785     15      0 
 20260722    03:31:37       0      0      0      0      0      0      0   2787     15      0 
 20260722    03:31:38       0     16      1      0      0      0      0   2785     15      0 
 20260722    03:31:39       0     50     26      0      0      0      0   2783     15      0 
 20260722    03:31:40       0     30     17      0      0      0      0   2783     15      0 
 20260722    03:31:41       0      1      1      0      0      0      0   2781     15      0 
 20260722    03:31:42       0      1      1      0      0      0      0   2783     15      0 
 20260722    03:31:43       0     52     29      0      0      0      0   2785     15      0 
 20260722    03:31:44       0     75     42      0      0      0      0   2785     15      0 
 20260722    03:31:45       0     30      9      0      0      0      0   1207     15      0 
 20260722    03:31:46       0     19      9      0      0      0      0   2781     15      0 
 20260722    03:31:47       0      0      0      0      0      0      0   2787     15      0 
#Date        Time         gpu     sm    mem    enc    dec    jpg    ofa     fb   bar1   ccpm 
#YYYYMMDD    HH:MM:SS     Idx      %      %      %      %      %      %     MB     MB     MB 
 20260722    03:31:48       0     53     27      0      0      0      0   2785     15      0 
 20260722    03:31:49       0     24     13      0      0      0      0   2785     15      0 
 20260722    03:31:50       0     86     47      0      0      0      0   2785     15      0 
 20260722    03:31:51       0     11      7      0      0      0      0   2785     15      0 
 20260722    03:31:52       0      0      0      0      0      0      0   2785     15      0 
 20260722    03:31:53       0     39     13      0      0      0      0   1207     15      0 
 20260722    03:31:54       0     19      9      0      0      0      0   1207     15      0 
 20260722    03:31:55       0      0      0      0      0      0      0   2785     15      0 
 20260722    03:31:56       0      0      0      0      0      0      0   2785     15      0 
 20260722    03:31:57       0      0      0      0      0      0      0   2785     15      0 
 20260722    03:31:58       0      0      0      0      0      0      0   2785     15      0 
 20260722    03:31:59       0      0      0      0      0      0      0   2783     15      0 
 20260722    03:32:00       0      3      2      0      0      0      0   2785     15      0 
 20260722    03:32:01       0     41     20      0      0      0      0   2785     15      0 
 20260722    03:32:02       0      0      0      0      0      0      0   2785     15      0 
 20260722    03:32:03       0      0      0      0      0      0      0   2785     15      0 
 20260722    03:32:04       0      0      0      0      0      0      0   2785     15      0 
 20260722    03:32:05       0     74     41      0      0      0      0   1207     15      0 
 20260722    03:32:06       0      3      1      0      0      0      0   2781     15      0 
 20260722    03:32:07       0     19      9      0      0      0      0   2783     15      0 
 20260722    03:32:08       0      2      0      0      0      0      0   2781     15      0 
 20260722    03:32:09       0      1      0      0      0      0      0   2781     15      0 
 20260722    03:32:10       0      5      3      0      0      0      0   2783     15      0 
 20260722    03:32:11       0      4      2      0      0      0      0   2781     15      0 
 20260722    03:32:12       0     19      9      0      0      0      0   2785     15      0 
 20260722    03:32:13       0     47     31      0      0      0      0   2785     15      0 
 20260722    03:32:14       0      0      0      0      0      0      0   2785     15      0 
 20260722    03:32:15       0      0      0      0      0      0      0   2785     15      0 
 20260722    03:32:16       0     65     36      0      0      0      0   2785     15      0 
 20260722    03:32:17       0     20      4      0      0      0      0   2785     15      0 
 20260722    03:32:18       0      0      0      0      0      0      0   2783     15      0 
 20260722    03:32:19       0      6      3      0      0      0      0   1207     15      0 
 20260722    03:32:20       0     23      7      0      0      0      0   2785     15      0 
 20260722    03:32:21       0      0      0      0      0      0      0   2785     15      0 
 20260722    03:32:22       0      0      0      0      0      0      0   2785     15      0 
 20260722    03:32:23       0     87     48      0      0      0      0   2785     15      0 
 20260722    03:32:24       0     28      0      0      0      0      0   2785     15      0 
 20260722    03:32:25       0     67     37      0      0      0      0   2785     15      0 
 20260722    03:32:26       0      0      0      0      0      0      0   2781     15      0 
 20260722    03:32:27       0      2      0      0      0      0      0   2787     15      0 
 20260722    03:32:28       0     44     20      0      0      0      0   2785     15      0 
 20260722    03:32:29       0      0      0      0      0      0      0   2785     15      0 
 20260722    03:32:30       0      1      1      0      0      0      0   2781     15      0 
 20260722    03:32:31       0      7      3      0      0      0      0   2785     15      0 
#Date        Time         gpu     sm    mem    enc    dec    jpg    ofa     fb   bar1   ccpm 
#YYYYMMDD    HH:MM:SS     Idx      %      %      %      %      %      %     MB     MB     MB 
 20260722    03:32:32       0      0      0      0      0      0      0   2785     15      0 
 20260722    03:32:33       0     54     44      0      0      0      0   2785     15      0 
 20260722    03:32:34       0      0      0      0      0      0      0   2785     15      0 
 20260722    03:32:35       0      0      0      0      0      0      0   2785     15      0 
 20260722    03:32:36       0      1      0      0      0      0      0   2785     15      0 
 20260722    03:32:37       0     19      9      0      0      0      0   2783     15      0 
 20260722    03:32:38       0     19      9      0      0      0      0   2785     15      0 
 20260722    03:32:39       0      2      1      0      0      0      0   2785     15      0 
 20260722    03:32:40       0     49     27      0      0      0      0   2785     15      0 
 20260722    03:32:41       0     17      2      0      0      0      0   2781     15      0 
 20260722    03:32:42       0     15      0      0      0      0      0   2781     15      0 
 20260722    03:32:43       0     22     11      0      0      0      0   1207     15      0 
 20260722    03:32:44       0     19      9      0      0      0      0   2785     15      0 
 20260722    03:32:45       0     48     25      0      0      0      0   2785     15      0 
 20260722    03:32:46       0     79     43      0      0      0      0   1207     15      0 
 20260722    03:32:47       0      5      1      0      0      0      0   2781     15      0 
 20260722    03:32:48       0      2      1      0      0      0      0   2783     15      0 
 20260722    03:32:49       0     19      9      0      0      0      0   2783     15      0 
 20260722    03:32:50       0     60     33      0      0      0      0   1207     15      0 
 20260722    03:32:51       0      0      0      0      0      0      0   2785     15      0 
 20260722    03:32:52       0     18      4      0      0      0      0   2781     15      0 
 20260722    03:32:53       0      2      2      0      0      0      0   2785     15      0 
 20260722    03:32:54       0     19      1      0      0      0      0   2785     15      0 
 20260722    03:32:55       0     15     11      0      0      0      0   2785     15      0 
 20260722    03:32:56       0      0      0      0      0      0      0   2785     15      0 
 20260722    03:32:57       0      0      0      0      0      0      0   2785     15      0 
 20260722    03:32:58       0      1      1      0      0      0      0   2785     15      0 
 20260722    03:32:59       0      0      0      0      0      0      0   2785     15      0 
 20260722    03:33:00       0      3      1      0      0      0      0   1207     15      0 
 20260722    03:33:01       0      3      1      0      0      0      0   2785     15      0 
 20260722    03:33:02       0     65     36      0      0      0      0   2785     15      0 
 20260722    03:33:03       0      0      0      0      0      0      0   2783     15      0 
 20260722    03:33:04       0      7      0      0      0      0      0   2785     15      0 
 20260722    03:33:05       0      0      0      0      0      0      0   2785     15      0 
 20260722    03:33:06       0     71     39      0      0      0      0   2781     15      0 
 20260722    03:33:07       0     55     30      0      0      0      0   2491     15      0 
 20260722    03:33:08       0     14      1      0      0      0      0   1207     15      0 
 20260722    03:33:09       0     22      6      0      0      0      0   2781     15      0 
 20260722    03:33:10       0     66     36      0      0      0      0   2781     15      0 
 20260722    03:33:11       0     20      3      0      0      0      0   2783     15      0 
 20260722    03:33:12       0     16      8      0      0      0      0   1207     15      0 
 20260722    03:33:13       0     79     44      0      0      0      0   2785     15      0 
 20260722    03:33:14       0      2      2      0      0      0      0   2785     15      0 
 20260722    03:33:15       0     45     22      0      0      0      0   2785     15      0 
#Date        Time         gpu     sm    mem    enc    dec    jpg    ofa     fb   bar1   ccpm 
#YYYYMMDD    HH:MM:SS     Idx      %      %      %      %      %      %     MB     MB     MB 
 20260722    03:33:16       0      4      0      0      0      0      0   2785     15      0 
 20260722    03:33:17       0      1      1      0      0      0      0   2785     15      0 
 20260722    03:33:19       0     17      5      0      0      0      0   2783     15      0 
 20260722    03:33:20       0      1      1      0      0      0      0   2785     15      0 
 20260722    03:33:21       0      2      0      0      0      0      0   2783     15      0 
 20260722    03:33:22       0     85     46      0      0      0      0   2781     15      0 
 20260722    03:33:23       0     87     48      0      0      0      0   2781     15      0 
 20260722    03:33:24       0     32     13      0      0      0      0   2785     15      0 
 20260722    03:33:25       0      1      1      0      0      0      0   2783     15      0 
 20260722    03:33:26       0     27      5      0      0      0      0   2785     15      0 
 20260722    03:33:27       0      1      0      0      0      0      0   2785     15      0 
 20260722    03:33:28       0     16      2      0      0      0      0   2785     15      0 
 20260722    03:33:29       0     68     38      0      0      0      0   2781     15      0 
 20260722    03:33:30       0     18     10      0      0      0      0   2781     15      0 
 20260722    03:33:31       0     54     29      0      0      0      0   2783     15      0 
 20260722    03:33:32       0     15      1      0      0      0      0   2785     15      0 
 20260722    03:33:33       0      0      0      0      0      0      0   1207     15      0 
 20260722    03:33:34       0     57     31      0      0      0      0   2785     15      0 
 20260722    03:33:35       0      0      0      0      0      0      0   2785     15      0 
 20260722    03:33:36       0     19      9      0      0      0      0   2785     15      0 
 20260722    03:33:37       0     58     32      0      0      0      0   2785     15      0 
 20260722    03:33:38       0      0      0      0      0      0      0   2785     15      0 
 20260722    03:33:39       0      2      2      0      0      0      0   2785     15      0 
 20260722    03:33:40       0      1      1      0      0      0      0   2785     15      0 
 20260722    03:33:41       0     75     41      0      0      0      0   2785     15      0 
 20260722    03:33:42       0      0      0      0      0      0      0   2785     15      0 
 20260722    03:33:43       0      0      0      0      0      0      0   2785     15      0 
 20260722    03:33:44       0      0      0      0      0      0      0   2781     15      0 
 20260722    03:33:45       0      0      0      0      0      0      0   2785     15      0 
 20260722    03:33:46       0     10      5      0      0      0      0   2785     15      0 
 20260722    03:33:47       0      0      0      0      0      0      0   2785     15      0 
 20260722    03:33:48       0      0      0      0      0      0      0   2785     15      0 
 20260722    03:33:49       0      0      0      0      0      0      0   1207     15      0 
 20260722    03:33:50       0      0      0      0      0      0      0   2783     15      0 
 20260722    03:33:51       0      5      3      0      0      0      0   2785     15      0 
 20260722    03:33:52       0     42     23      0      0      0      0   2785     15      0 
 20260722    03:33:53       0      0      0      0      0      0      0   1207     15      0 
 20260722    03:33:54       0      0      0      0      0      0      0   1207     15      0 
 20260722    03:33:55       0      0      0      0      0      0      0   1207     15      0 
 20260722    03:33:56       0      0      0      0      0      0      0   1207     15      0 
 20260722    03:33:57       0      0      0      0      0      0      0   1207     15      0 
 20260722    03:33:58       0      0      0      0      0      0      0   1207     15      0 
 20260722    03:33:59       0      0      0      0      0      0      0   1207     15      0 
