#Date        Time         gpu     sm    mem    enc    dec    jpg    ofa     fb   bar1   ccpm 
#YYYYMMDD    HH:MM:SS     Idx      %      %      %      %      %      %     MB     MB     MB 
 20260722    03:01:50       0      0      0      0      0      0      0     92     13      0 
 20260722    03:01:51       0      0      0      0      0      0      0     92     13      0 
 20260722    03:01:52       0      0      0      0      0      0      0     92     13      0 
 20260722    03:01:53       0      0      0      0      0      0      0     92     13      0 
 20260722    03:01:54       0      0      0      0      0      0      0     92     13      0 
 20260722    03:01:55       0      0      0      0      0      0      0     92     13      0 
 20260722    03:01:56       0      0      0      0      0      0      0     92     13      0 
 20260722    03:01:57       0      0      0      0      0      0      0    683     15      0 
 20260722    03:01:58       0      0      0      0      0      0      0   1309     15      0 
 20260722    03:01:59       0     12      1      0      0      0      0   1251     15      0 
 20260722    03:02:00       0     50     18      0      0      0      0   2703     15      0 
 20260722    03:02:01       0     21      1      0      0      0      0   2785     15      0 
 20260722    03:02:02       0      0      0      0      0      0      0   1207     15      0 
 20260722    03:02:03       0     28     15      0      0      0      0   2785     15      0 
 20260722    03:02:04       0      0      0      0      0      0      0   1207     15      0 
 20260722    03:02:05       0     54     30      0      0      0      0   2785     15      0 
 20260722    03:02:06       0     79     43      0      0      0      0   2785     15      0 
 20260722    03:02:07       0      3      1      0      0      0      0   2785     15      0 
 20260722    03:02:08       0      0      0      0      0      0      0   2785     15      0 
 20260722    03:02:09       0      0      0      0      0      0      0   2785     15      0 
 20260722    03:02:10       0     22      7      0      0      0      0   2785     15      0 
 20260722    03:02:11       0      0      0      0      0      0      0   2785     15      0 
 20260722    03:02:12       0     21      5      0      0      0      0   2785     15      0 
 20260722    03:02:13       0      0      0      0      0      0      0   2781     15      0 
 20260722    03:02:14       0     25     14      0      0      0      0   2785     15      0 
 20260722    03:02:15       0     17      3      0      0      0      0   2785     15      0 
 20260722    03:02:16       0      0      0      0      0      0      0   1207     15      0 
 20260722    03:02:17       0     32     17      0      0      0      0   2785     15      0 
 20260722    03:02:18       0     46     22      0      0      0      0   2785     15      0 
 20260722    03:02:19       0      0      0      0      0      0      0   2785     15      0 
 20260722    03:02:20       0     50     27      0      0      0      0   2783     15      0 
 20260722    03:02:21       0      1      1      0      0      0      0   1207     15      0 
 20260722    03:02:22       0      0      0      0      0      0      0   1207     15      0 
 20260722    03:02:23       0     35     19      0      0      0      0   2781     15      0 
 20260722    03:02:24       0     50     26      0      0      0      0   2785     15      0 
 20260722    03:02:25       0      0      0      0      0      0      0   2785     15      0 
 20260722    03:02:26       0      0      0      0      0      0      0   2783     15      0 
 20260722    03:02:27       0      3      1      0      0      0      0   1207     15      0 
 20260722    03:02:28       0      3      1      0      0      0      0   2785     15      0 
 20260722    03:02:29       0     51     27      0      0      0      0   2785     15      0 
 20260722    03:02:30       0      1      1      0      0      0      0   2785     15      0 
 20260722    03:02:31       0     37     17      0      0      0      0   2783     15      0 
 20260722    03:02:32       0      0      0      0      0      0      0   2787     15      0 
 20260722    03:02:33       0      5      3      0      0      0      0   2785     15      0 
#Date        Time         gpu     sm    mem    enc    dec    jpg    ofa     fb   bar1   ccpm 
#YYYYMMDD    HH:MM:SS     Idx      %      %      %      %      %      %     MB     MB     MB 
 20260722    03:02:34       0      0      0      0      0      0      0   2787     15      0 
 20260722    03:02:35       0      0      0      0      0      0      0   2781     15      0 
 20260722    03:02:36       0      1      0      0      0      0      0   2781     15      0 
 20260722    03:02:37       0      0      0      0      0      0      0   1207     15      0 
 20260722    03:02:38       0     20      9      0      0      0      0   2781     15      0 
 20260722    03:02:39       0      2      1      0      0      0      0   2783     15      0 
 20260722    03:02:40       0     70     38      0      0      0      0   2785     15      0 
 20260722    03:02:41       0     11      5      0      0      0      0   2785     15      0 
 20260722    03:02:42       0     82     45      0      0      0      0   2785     15      0 
 20260722    03:02:43       0      1      1      0      0      0      0   2785     15      0 
 20260722    03:02:44       0     55     30      0      0      0      0   2785     15      0 
 20260722    03:02:45       0      5      3      0      0      0      0   2785     15      0 
 20260722    03:02:46       0     42     22      0      0      0      0   2781     15      0 
 20260722    03:02:47       0     20     11      0      0      0      0   2785     15      0 
 20260722    03:02:48       0     22     10      0      0      0      0   2785     15      0 
 20260722    03:02:49       0     72     40      0      0      0      0   2785     15      0 
 20260722    03:02:50       0     67     37      0      0      0      0   2785     15      0 
 20260722    03:02:51       0     60     33      0      0      0      0   2785     15      0 
 20260722    03:02:52       0     46     24      0      0      0      0   2783     15      0 
 20260722    03:02:53       0     75     42      0      0      0      0   2785     15      0 
 20260722    03:02:54       0     35     16      0      0      0      0   2785     15      0 
 20260722    03:02:55       0      0      0      0      0      0      0   2785     15      0 
 20260722    03:02:56       0     34     10      0      0      0      0   2785     15      0 
 20260722    03:02:57       0     17      3      0      0      0      0   2785     15      0 
 20260722    03:02:58       0      1      0      0      0      0      0   2785     15      0 
 20260722    03:02:59       0      0      0      0      0      0      0   2785     15      0 
 20260722    03:03:00       0      0      0      0      0      0      0   2785     15      0 
 20260722    03:03:01       0     55     28      0      0      0      0   2785     15      0 
 20260722    03:03:02       0      0      0      0      0      0      0   1207     15      0 
 20260722    03:03:03       0      3      1      0      0      0      0   2783     15      0 
 20260722    03:03:04       0      2      1      0      0      0      0   1207     15      0 
 20260722    03:03:05       0      3      2      0      0      0      0   2785     15      0 
 20260722    03:03:06       0      0      0      0      0      0      0   2787     15      0 
 20260722    03:03:07       0     68     37      0      0      0      0   2785     15      0 
 20260722    03:03:08       0     12      0      0      0      0      0   2785     15      0 
 20260722    03:03:09       0      0      0      0      0      0      0   2785     15      0 
 20260722    03:03:10       0      0      0      0      0      0      0   2785     15      0 
 20260722    03:03:11       0      1      0      0      0      0      0   2781     15      0 
 20260722    03:03:12       0     14      6      0      0      0      0   2781     15      0 
 20260722    03:03:13       0      0      0      0      0      0      0   2785     15      0 
 20260722    03:03:14       0      0      0      0      0      0      0   2785     15      0 
 20260722    03:03:15       0      0      0      0      0      0      0   2785     15      0 
 20260722    03:03:16       0      3      1      0      0      0      0   2783     15      0 
 20260722    03:03:17       0     57     31      0      0      0      0   2785     15      0 
#Date        Time         gpu     sm    mem    enc    dec    jpg    ofa     fb   bar1   ccpm 
#YYYYMMDD    HH:MM:SS     Idx      %      %      %      %      %      %     MB     MB     MB 
 20260722    03:03:18       0      0      0      0      0      0      0   2785     15      0 
 20260722    03:03:19       0     90     49      0      0      0      0   2785     15      0 
 20260722    03:03:20       0     46     25      0      0      0      0   2785     15      0 
 20260722    03:03:21       0     80     44      0      0      0      0   2785     15      0 
 20260722    03:03:22       0      0      0      0      0      0      0   2785     15      0 
 20260722    03:03:23       0     67     37      0      0      0      0   2785     15      0 
 20260722    03:03:24       0      2      2      0      0      0      0   2785     15      0 
 20260722    03:03:25       0     16      5      0      0      0      0   2785     15      0 
 20260722    03:03:26       0      1      1      0      0      0      0   2783     15      0 
 20260722    03:03:27       0     47     25      0      0      0      0   2785     15      0 
 20260722    03:03:28       0      0      0      0      0      0      0   2785     15      0 
 20260722    03:03:29       0      0      0      0      0      0      0   2785     15      0 
 20260722    03:03:30       0     12      7      0      0      0      0   2785     15      0 
 20260722    03:03:31       0     20     11      0      0      0      0   2785     15      0 
 20260722    03:03:32       0      2      1      0      0      0      0   2783     15      0 
 20260722    03:03:33       0     70     39      0      0      0      0   2785     15      0 
 20260722    03:03:34       0      3      1      0      0      0      0   2781     15      0 
 20260722    03:03:35       0     17      3      0      0      0      0   2781     15      0 
 20260722    03:03:36       0      1      1      0      0      0      0   2785     15      0 
 20260722    03:03:37       0     20      9      0      0      0      0   2783     15      0 
 20260722    03:03:38       0     90     49      0      0      0      0   1207     15      0 
 20260722    03:03:39       0     90     49      0      0      0      0   1207     15      0 
 20260722    03:03:40       0      1      0      0      0      0      0   2783     15      0 
 20260722    03:03:41       0      0      0      0      0      0      0   2781     15      0 
 20260722    03:03:42       0      0      0      0      0      0      0   2785     15      0 
 20260722    03:03:43       0      0      0      0      0      0      0   2785     15      0 
 20260722    03:03:44       0     22      3      0      0      0      0   2781     15      0 
 20260722    03:03:45       0      0      0      0      0      0      0   2785     15      0 
 20260722    03:03:46       0      7      4      0      0      0      0   2785     15      0 
 20260722    03:03:47       0      3      1      0      0      0      0   2785     15      0 
 20260722    03:03:48       0      0      0      0      0      0      0   2785     15      0 
 20260722    03:03:49       0     23     12      0      0      0      0   2785     15      0 
 20260722    03:03:50       0     39     24      0      0      0      0   2785     15      0 
 20260722    03:03:51       0      3      1      0      0      0      0   2785     15      0 
 20260722    03:03:52       0     90     49      0      0      0      0   1207     15      0 
 20260722    03:03:53       0      0      0      0      0      0      0   2785     15      0 
 20260722    03:03:54       0     22     11      0      0      0      0   1207     15      0 
 20260722    03:03:55       0     25     13      0      0      0      0   2785     15      0 
 20260722    03:03:56       0     24     13      0      0      0      0   2785     15      0 
 20260722    03:03:57       0     19      0      0      0      0      0   2785     15      0 
 20260722    03:03:58       0     73     41      0      0      0      0   2785     15      0 
 20260722    03:03:59       0      0      0      0      0      0      0   2785     15      0 
 20260722    03:04:00       0      3      1      0      0      0      0   2785     15      0 
 20260722    03:04:01       0      1      0      0      0      0      0   2785     15      0 
#Date        Time         gpu     sm    mem    enc    dec    jpg    ofa     fb   bar1   ccpm 
#YYYYMMDD    HH:MM:SS     Idx      %      %      %      %      %      %     MB     MB     MB 
 20260722    03:04:02       0     75     41      0      0      0      0   2781     15      0 
 20260722    03:04:03       0      3      1      0      0      0      0   2785     15      0 
 20260722    03:04:04       0      3      1      0      0      0      0   2785     15      0 
 20260722    03:04:05       0     54     29      0      0      0      0   2781     15      0 
 20260722    03:04:06       0      3      1      0      0      0      0   2785     15      0 
 20260722    03:04:07       0     47     23      0      0      0      0   2785     15      0 
 20260722    03:04:08       0      0      0      0      0      0      0   2785     15      0 
 20260722    03:04:09       0     38      7      0      0      0      0   2785     15      0 
 20260722    03:04:10       0      0      0      0      0      0      0   2785     15      0 
 20260722    03:04:11       0      1      0      0      0      0      0   2783     15      0 
 20260722    03:04:12       0     19      9      0      0      0      0   2785     15      0 
 20260722    03:04:13       0      0      0      0      0      0      0   1207     15      0 
 20260722    03:04:14       0     90     49      0      0      0      0   2781     15      0 
 20260722    03:04:15       0     17      1      0      0      0      0   2785     15      0 
 20260722    03:04:16       0     23     12      0      0      0      0   2785     15      0 
 20260722    03:04:17       0      0      0      0      0      0      0   1207     15      0 
 20260722    03:04:18       0      0      0      0      0      0      0   1831     15      0 
 20260722    03:04:19       0      0      0      0      0      0      0   2785     15      0 
 20260722    03:04:20       0      3      0      0      0      0      0   2739     15      0 
 20260722    03:04:21       0     37     20      0      0      0      0   2785     15      0 
 20260722    03:04:22       0      0      0      0      0      0      0   2785     15      0 
 20260722    03:04:23       0     20      9      0      0      0      0   2785     15      0 
 20260722    03:04:24       0     36     21      0      0      0      0   2785     15      0 
 20260722    03:04:25       0      1      1      0      0      0      0   2785     15      0 
 20260722    03:04:26       0      9      4      0      0      0      0   2781     15      0 
 20260722    03:04:27       0      3      1      0      0      0      0   2785     15      0 
 20260722    03:04:28       0     37     20      0      0      0      0   2781     15      0 
 20260722    03:04:29       0      1      1      0      0      0      0   2783     15      0 
 20260722    03:04:30       0     47     24      0      0      0      0   2781     15      0 
 20260722    03:04:31       0     47     25      0      0      0      0   2785     15      0 
 20260722    03:04:32       0      4      0      0      0      0      0   1831     15      0 
 20260722    03:04:33       0      0      0      0      0      0      0   1207     15      0 
 20260722    03:04:34       0      0      0      0      0      0      0   1207     15      0 
 20260722    03:04:35       0      0      0      0      0      0      0   1207     15      0 
 20260722    03:04:36       0      0      0      0      0      0      0   1207     15      0 
