#Date        Time         gpu     sm    mem    enc    dec    jpg    ofa     fb   bar1   ccpm 
#YYYYMMDD    HH:MM:SS     Idx      %      %      %      %      %      %     MB     MB     MB 
 20260722    03:34:01       0      0      0      0      0      0      0     92     13      0 
 20260722    03:34:02       0      0      0      0      0      0      0     92     13      0 
 20260722    03:34:03       0      0      0      0      0      0      0     92     13      0 
 20260722    03:34:04       0      0      0      0      0      0      0     92     13      0 
 20260722    03:34:05       0      0      0      0      0      0      0     92     13      0 
 20260722    03:34:06       0      0      0      0      0      0      0     92     13      0 
 20260722    03:34:07       0      0      0      0      0      0      0     92     13      0 
 20260722    03:34:08       0      0      0      0      0      0      0     92     13      0 
 20260722    03:34:09       0      0      0      0      0      0      0     92     13      0 
 20260722    03:34:10       0      0      0      0      0      0      0     92     13      0 
 20260722    03:34:11       0      0      0      0      0      0      0     92     13      0 
 20260722    03:34:12       0      0      0      0      0      0      0     92     13      0 
 20260722    03:34:13       0      0      0      0      0      0      0     92     13      0 
 20260722    03:34:14       0      0      0      0      0      0      0     92     13      0 
 20260722    03:34:15       0      0      0      0      0      0      0     92     13      0 
 20260722    03:34:16       0      0      0      0      0      0      0     92     13      0 
 20260722    03:34:17       0      0      1      0      0      0      0     92     13      0 
 20260722    03:34:18       0      0      0      0      0      0      0     92     13      0 
 20260722    03:34:19       0      0      0      0      0      0      0     92     13      0 
 20260722    03:34:20       0      0      0      0      0      0      0     92     13      0 
 20260722    03:34:21       0      0      0      0      0      0      0     92     13      0 
 20260722    03:34:22       0      0      0      0      0      0      0     92     13      0 
 20260722    03:34:23       0      0      0      0      0      0      0    685     15      0 
 20260722    03:34:24       0     14      1      0      0      0      0   1379     15      0 
 20260722    03:34:25       0      8      3      0      0      0      0   2171     15      0 
 20260722    03:34:26       0     35      3      0      0      0      0   1207     15      0 
 20260722    03:34:27       0     71     39      0      0      0      0   2785     15      0 
 20260722    03:34:28       0      0      0      0      0      0      0   2785     15      0 
 20260722    03:34:29       0      4      0      0      0      0      0   2785     15      0 
 20260722    03:34:30       0      0      0      0      0      0      0   2785     15      0 
 20260722    03:34:31       0     67     37      0      0      0      0   2785     15      0 
 20260722    03:34:32       0      0      0      0      0      0      0   2785     15      0 
 20260722    03:34:33       0      0      0      0      0      0      0   2785     15      0 
 20260722    03:34:34       0      0      0      0      0      0      0   2785     15      0 
 20260722    03:34:35       0      0      0      0      0      0      0   2785     15      0 
 20260722    03:34:36       0      0      0      0      0      0      0   2785     15      0 
 20260722    03:34:37       0      0      0      0      0      0      0   2785     15      0 
 20260722    03:34:38       0      0      0      0      0      0      0   2785     15      0 
 20260722    03:34:39       0     42     17      0      0      0      0   2785     15      0 
 20260722    03:34:40       0      3      1      0      0      0      0   2785     15      0 
 20260722    03:34:41       0      0      0      0      0      0      0   2785     15      0 
 20260722    03:34:42       0      0      0      0      0      0      0   2781     15      0 
 20260722    03:34:43       0     76     41      0      0      0      0   2785     15      0 
 20260722    03:34:44       0      0      0      0      0      0      0   2781     15      0 
#Date        Time         gpu     sm    mem    enc    dec    jpg    ofa     fb   bar1   ccpm 
#YYYYMMDD    HH:MM:SS     Idx      %      %      %      %      %      %     MB     MB     MB 
 20260722    03:34:45       0     63     34      0      0      0      0   2785     15      0 
 20260722    03:34:46       0      9      4      0      0      0      0   2785     15      0 
 20260722    03:34:47       0      0      0      0      0      0      0   2785     15      0 
 20260722    03:34:48       0     27     11      0      0      0      0   2785     15      0 
 20260722    03:34:49       0     22     11      0      0      0      0   2785     15      0 
 20260722    03:34:50       0      0      0      0      0      0      0   2785     15      0 
 20260722    03:34:51       0      3      0      0      0      0      0   2785     15      0 
 20260722    03:34:52       0      0      0      0      0      0      0   2785     15      0 
 20260722    03:34:53       0      0      0      0      0      0      0   2785     15      0 
 20260722    03:34:54       0      0      0      0      0      0      0   2785     15      0 
 20260722    03:34:55       0     35     10      0      0      0      0   2785     15      0 
 20260722    03:34:56       0     18      1      0      0      0      0   2787     15      0 
 20260722    03:34:57       0      0      0      0      0      0      0   2785     15      0 
 20260722    03:34:58       0     19      2      0      0      0      0   2785     15      0 
 20260722    03:34:59       0      3      0      0      0      0      0   2785     15      0 
 20260722    03:35:00       0     56     30      0      0      0      0   2785     15      0 
 20260722    03:35:01       0     81     44      0      0      0      0   2785     15      0 
 20260722    03:35:02       0     33      4      0      0      0      0   2785     15      0 
 20260722    03:35:03       0      0      0      0      0      0      0   2785     15      0 
 20260722    03:35:04       0      0      0      0      0      0      0   2785     15      0 
 20260722    03:35:05       0     27     14      0      0      0      0   2785     15      0 
 20260722    03:35:06       0     21      2      0      0      0      0   2785     15      0 
 20260722    03:35:07       0     47     30      0      0      0      0   2785     15      0 
 20260722    03:35:08       0      0      0      0      0      0      0   2785     15      0 
 20260722    03:35:09       0      0      0      0      0      0      0   2785     15      0 
 20260722    03:35:10       0      0      0      0      0      0      0   1207     15      0 
 20260722    03:35:11       0      0      0      0      0      0      0   2785     15      0 
 20260722    03:35:12       0     60     33      0      0      0      0   2781     15      0 
 20260722    03:35:13       0      5      3      0      0      0      0   2785     15      0 
 20260722    03:35:14       0      0      0      0      0      0      0   2785     15      0 
 20260722    03:35:15       0      0      0      0      0      0      0   2781     15      0 
 20260722    03:35:16       0     22     11      0      0      0      0   2785     15      0 
 20260722    03:35:17       0     49     22      0      0      0      0   2785     15      0 
 20260722    03:35:18       0      0      0      0      0      0      0   2785     15      0 
 20260722    03:35:19       0      0      0      0      0      0      0   2785     15      0 
 20260722    03:35:20       0     81     44      0      0      0      0   2785     15      0 
 20260722    03:35:21       0      0      0      0      0      0      0   2785     15      0 
 20260722    03:35:22       0     23      0      0      0      0      0   2785     15      0 
 20260722    03:35:23       0      0      0      0      0      0      0   2785     15      0 
 20260722    03:35:24       0      0      0      0      0      0      0   2785     15      0 
 20260722    03:35:25       0      0      0      0      0      0      0   1207     15      0 
 20260722    03:35:26       0      0      0      0      0      0      0   2785     15      0 
 20260722    03:35:27       0     20     10      0      0      0      0   2781     15      0 
 20260722    03:35:28       0     24     11      0      0      0      0   2785     15      0 
#Date        Time         gpu     sm    mem    enc    dec    jpg    ofa     fb   bar1   ccpm 
#YYYYMMDD    HH:MM:SS     Idx      %      %      %      %      %      %     MB     MB     MB 
 20260722    03:35:29       0      9      0      0      0      0      0   2781     15      0 
 20260722    03:35:30       0     18      2      0      0      0      0   2785     15      0 
 20260722    03:35:31       0     39     21      0      0      0      0   2785     15      0 
 20260722    03:35:32       0     83     46      0      0      0      0   2781     15      0 
 20260722    03:35:33       0     43     16      0      0      0      0   2785     15      0 
 20260722    03:35:34       0     53     27      0      0      0      0   2785     15      0 
 20260722    03:35:35       0     86     47      0      0      0      0   2785     15      0 
 20260722    03:35:36       0     25     17      0      0      0      0   2785     15      0 
 20260722    03:35:37       0      0      0      0      0      0      0   2785     15      0 
 20260722    03:35:38       0     20      9      0      0      0      0   2785     15      0 
 20260722    03:35:39       0      0      0      0      0      0      0   2785     15      0 
 20260722    03:35:40       0      5      0      0      0      0      0   2785     15      0 
 20260722    03:35:41       0      0      0      0      0      0      0   2785     15      0 
 20260722    03:35:42       0      0      0      0      0      0      0   2785     15      0 
 20260722    03:35:43       0      0      0      0      0      0      0   2787     15      0 
 20260722    03:35:44       0      0      0      0      0      0      0   2785     15      0 
 20260722    03:35:45       0     22     11      0      0      0      0   1207     15      0 
 20260722    03:35:46       0     59     32      0      0      0      0   2785     15      0 
 20260722    03:35:47       0     19      9      0      0      0      0   2785     15      0 
 20260722    03:35:48       0      0      0      0      0      0      0   2785     15      0 
 20260722    03:35:49       0      0      0      0      0      0      0   2785     15      0 
 20260722    03:35:50       0     22      7      0      0      0      0   2785     15      0 
 20260722    03:35:51       0     29      0      0      0      0      0   2785     15      0 
 20260722    03:35:52       0     53     24      0      0      0      0   2785     15      0 
 20260722    03:35:53       0      0      0      0      0      0      0   2785     15      0 
 20260722    03:35:54       0     49     27      0      0      0      0   2785     15      0 
 20260722    03:35:55       0     15      0      0      0      0      0   2785     15      0 
 20260722    03:35:56       0     15      7      0      0      0      0   2785     15      0 
 20260722    03:35:57       0     20      9      0      0      0      0   2785     15      0 
 20260722    03:35:58       0      0      0      0      0      0      0   2785     15      0 
 20260722    03:35:59       0     63     35      0      0      0      0   2781     15      0 
 20260722    03:36:00       0     22     11      0      0      0      0   2785     15      0 
 20260722    03:36:01       0     46     20      0      0      0      0   2785     15      0 
 20260722    03:36:02       0     30     16      0      0      0      0   2785     15      0 
 20260722    03:36:03       0     47     21      0      0      0      0   2785     15      0 
 20260722    03:36:04       0     29      2      0      0      0      0   2785     15      0 
 20260722    03:36:05       0     13      0      0      0      0      0   2785     15      0 
 20260722    03:36:06       0     44     17      0      0      0      0   2785     15      0 
 20260722    03:36:07       0      8      0      0      0      0      0   2785     15      0 
 20260722    03:36:08       0     22     11      0      0      0      0   2785     15      0 
 20260722    03:36:09       0      0      0      0      0      0      0   2785     15      0 
 20260722    03:36:10       0     44     24      0      0      0      0   2787     15      0 
 20260722    03:36:11       0      0      0      0      0      0      0   2785     15      0 
 20260722    03:36:12       0      4      0      0      0      0      0   2785     15      0 
#Date        Time         gpu     sm    mem    enc    dec    jpg    ofa     fb   bar1   ccpm 
#YYYYMMDD    HH:MM:SS     Idx      %      %      %      %      %      %     MB     MB     MB 
 20260722    03:36:13       0     68     37      0      0      0      0   2785     15      0 
 20260722    03:36:14       0      0      0      0      0      0      0   2785     15      0 
 20260722    03:36:15       0     22     11      0      0      0      0   2785     15      0 
 20260722    03:36:16       0      0      0      0      0      0      0   1207     15      0 
 20260722    03:36:17       0     42     20      0      0      0      0   2785     15      0 
 20260722    03:36:18       0     25     15      0      0      0      0   2785     15      0 
 20260722    03:36:19       0      0      0      0      0      0      0   2785     15      0 
 20260722    03:36:20       0     21      3      0      0      0      0   2785     15      0 
 20260722    03:36:21       0     15      0      0      0      0      0   2785     15      0 
 20260722    03:36:22       0      0      0      0      0      0      0   2785     15      0 
 20260722    03:36:23       0     69     38      0      0      0      0   2785     15      0 
 20260722    03:36:24       0      0      0      0      0      0      0   2781     15      0 
 20260722    03:36:25       0      0      0      0      0      0      0   2785     15      0 
 20260722    03:36:26       0     90     49      0      0      0      0   2785     15      0 
 20260722    03:36:27       0     12      4      0      0      0      0   2785     15      0 
 20260722    03:36:29       0      0      0      0      0      0      0   2785     15      0 
 20260722    03:36:30       0     22     11      0      0      0      0   2785     15      0 
 20260722    03:36:31       0     19      9      0      0      0      0   2785     15      0 
 20260722    03:36:32       0      0      0      0      0      0      0   2785     15      0 
 20260722    03:36:33       0     24     12      0      0      0      0   2785     15      0 
 20260722    03:36:34       0     17      9      0      0      0      0   1207     15      0 
 20260722    03:36:35       0     22     11      0      0      0      0   2785     15      0 
 20260722    03:36:36       0      0      0      0      0      0      0   2785     15      0 
 20260722    03:36:37       0     21      7      0      0      0      0   2785     15      0 
 20260722    03:36:38       0     19      0      0      0      0      0   2785     15      0 
 20260722    03:36:39       0      0      0      0      0      0      0   2785     15      0 
 20260722    03:36:40       0     10      5      0      0      0      0   2785     15      0 
 20260722    03:36:41       0      0      0      0      0      0      0   2785     15      0 
 20260722    03:36:42       0     21     10      0      0      0      0   2785     15      0 
 20260722    03:36:43       0      8      0      0      0      0      0   2787     15      0 
 20260722    03:36:44       0     43     23      0      0      0      0   2785     15      0 
 20260722    03:36:45       0     45     24      0      0      0      0   2785     15      0 
 20260722    03:36:46       0      0      0      0      0      0      0   2785     15      0 
 20260722    03:36:47       0     86     46      0      0      0      0   2785     15      0 
 20260722    03:36:48       0     22     11      0      0      0      0   2785     15      0 
 20260722    03:36:49       0     11      0      0      0      0      0   2785     15      0 
 20260722    03:36:50       0      0      0      0      0      0      0   2785     15      0 
 20260722    03:36:51       0     14      0      0      0      0      0   2781     15      0 
 20260722    03:36:52       0     41     19      0      0      0      0   2785     15      0 
 20260722    03:36:53       0      0      0      0      0      0      0   2785     15      0 
 20260722    03:36:54       0      0      0      0      0      0      0   2785     15      0 
 20260722    03:36:55       0     22     11      0      0      0      0   2785     15      0 
 20260722    03:36:56       0     24     13      0      0      0      0   2785     15      0 
 20260722    03:36:57       0     28      3      0      0      0      0   2781     15      0 
#Date        Time         gpu     sm    mem    enc    dec    jpg    ofa     fb   bar1   ccpm 
#YYYYMMDD    HH:MM:SS     Idx      %      %      %      %      %      %     MB     MB     MB 
 20260722    03:36:58       0      3      0      0      0      0      0   2781     15      0 
 20260722    03:36:59       0     68     37      0      0      0      0   2785     15      0 
 20260722    03:37:00       0     91     49      0      0      0      0   2785     15      0 
 20260722    03:37:01       0      0      0      0      0      0      0   2785     15      0 
 20260722    03:37:02       0     25     13      0      0      0      0   2785     15      0 
 20260722    03:37:03       0      0      0      0      0      0      0   2643     15      0 
 20260722    03:37:04       0     58     32      0      0      0      0   2785     15      0 
 20260722    03:37:05       0     70     38      0      0      0      0   2781     15      0 
 20260722    03:37:06       0     87     48      0      0      0      0   2785     15      0 
 20260722    03:37:07       0     80     44      0      0      0      0   2785     15      0 
 20260722    03:37:08       0      0      0      0      0      0      0   2781     15      0 
 20260722    03:37:09       0     87     47      0      0      0      0   2785     15      0 
 20260722    03:37:10       0     85     46      0      0      0      0   2785     15      0 
 20260722    03:37:11       0      0      0      0      0      0      0   2785     15      0 
 20260722    03:37:12       0      0      0      0      0      0      0   2785     15      0 
 20260722    03:37:13       0     44     20      0      0      0      0   2785     15      0 
 20260722    03:37:14       0     18      6      0      0      0      0   2787     15      0 
 20260722    03:37:15       0     88     48      0      0      0      0   2785     15      0 
 20260722    03:37:16       0     75     41      0      0      0      0   2785     15      0 
 20260722    03:37:17       0     44     20      0      0      0      0   2785     15      0 
 20260722    03:37:18       0      0      0      0      0      0      0   2785     15      0 
 20260722    03:37:19       0     79     43      0      0      0      0   2785     15      0 
 20260722    03:37:20       0     31     10      0      0      0      0   2785     15      0 
 20260722    03:37:21       0     45     22      0      0      0      0   2785     15      0 
 20260722    03:37:22       0      0      0      0      0      0      0   2785     15      0 
 20260722    03:37:23       0     20      9      0      0      0      0   2785     15      0 
 20260722    03:37:24       0      0      0      0      0      0      0   2787     15      0 
 20260722    03:37:25       0     90     49      0      0      0      0   2785     15      0 
 20260722    03:37:26       0     19      5      0      0      0      0   2785     15      0 
 20260722    03:37:27       0     19     11      0      0      0      0   2785     15      0 
 20260722    03:37:28       0      0      0      0      0      0      0   2785     15      0 
 20260722    03:37:29       0      0      0      0      0      0      0   2785     15      0 
 20260722    03:37:30       0      0      0      0      0      0      0   2787     15      0 
 20260722    03:37:31       0     78     43      0      0      0      0   1831     15      0 
 20260722    03:37:32       0     20      0      0      0      0      0   2781     15      0 
 20260722    03:37:33       0      4      0      0      0      0      0   2785     15      0 
 20260722    03:37:34       0     44     20      0      0      0      0   2785     15      0 
 20260722    03:37:35       0      0      0      0      0      0      0   2785     15      0 
 20260722    03:37:36       0      4      0      0      0      0      0   2785     15      0 
 20260722    03:37:37       0     31      8      0      0      0      0   2785     15      0 
 20260722    03:37:38       0     26      6      0      0      0      0   2787     15      0 
 20260722    03:37:39       0     33     18      0      0      0      0   2785     15      0 
 20260722    03:37:40       0     90     49      0      0      0      0   2785     15      0 
 20260722    03:37:41       0      0      0      0      0      0      0   2785     15      0 
#Date        Time         gpu     sm    mem    enc    dec    jpg    ofa     fb   bar1   ccpm 
#YYYYMMDD    HH:MM:SS     Idx      %      %      %      %      %      %     MB     MB     MB 
 20260722    03:37:42       0     12      0      0      0      0      0   2781     15      0 
 20260722    03:37:43       0      3      0      0      0      0      0   2781     15      0 
 20260722    03:37:44       0     34     19      0      0      0      0   2785     15      0 
 20260722    03:37:45       0      0      0      0      0      0      0   2785     15      0 
 20260722    03:37:46       0      0      0      0      0      0      0   2787     15      0 
 20260722    03:37:47       0      0      0      0      0      0      0   2785     15      0 
 20260722    03:37:48       0     45     25      0      0      0      0   2785     15      0 
 20260722    03:37:49       0     20      9      0      0      0      0   2785     15      0 
 20260722    03:37:50       0      0      0      0      0      0      0   2785     15      0 
 20260722    03:37:51       0      3      1      0      0      0      0   2785     15      0 
 20260722    03:37:52       0      0      0      0      0      0      0   2785     15      0 
 20260722    03:37:53       0     85     46      0      0      0      0   2785     15      0 
 20260722    03:37:54       0      0      0      0      0      0      0   2785     15      0 
 20260722    03:37:55       0     28     15      0      0      0      0   2785     15      0 
 20260722    03:37:56       0     17      3      0      0      0      0   2785     15      0 
 20260722    03:37:57       0     90     49      0      0      0      0   2785     15      0 
 20260722    03:37:58       0      1      0      0      0      0      0   2785     15      0 
 20260722    03:37:59       0     43     23      0      0      0      0   2785     15      0 
 20260722    03:38:00       0      0      0      0      0      0      0   2785     15      0 
 20260722    03:38:01       0      5      1      0      0      0      0   2785     15      0 
 20260722    03:38:02       0      0      0      0      0      0      0   2785     15      0 
 20260722    03:38:03       0     26     11      0      0      0      0   2785     15      0 
 20260722    03:38:04       0     54     29      0      0      0      0   2785     15      0 
 20260722    03:38:05       0     62     34      0      0      0      0   2785     15      0 
 20260722    03:38:06       0      0      0      0      0      0      0   2785     15      0 
 20260722    03:38:07       0     23      0      0      0      0      0   2785     15      0 
 20260722    03:38:08       0      0      0      0      0      0      0   2785     15      0 
 20260722    03:38:09       0     20      3      0      0      0      0   2785     15      0 
 20260722    03:38:10       0      0      0      0      0      0      0   2785     15      0 
 20260722    03:38:11       0     12      0      0      0      0      0   2785     15      0 
 20260722    03:38:12       0     75     41      0      0      0      0   2785     15      0 
 20260722    03:38:13       0      0      0      0      0      0      0   2781     15      0 
 20260722    03:38:14       0      0      0      0      0      0      0   2785     15      0 
 20260722    03:38:15       0      9      4      0      0      0      0   2785     15      0 
 20260722    03:38:16       0     33     18      0      0      0      0   2785     15      0 
 20260722    03:38:17       0      0      0      0      0      0      0   2785     15      0 
 20260722    03:38:18       0      4      0      0      0      0      0   2785     15      0 
 20260722    03:38:19       0      0      0      0      0      0      0   2785     15      0 
 20260722    03:38:20       0      0      0      0      0      0      0   2785     15      0 
 20260722    03:38:21       0      0      0      0      0      0      0   2781     15      0 
 20260722    03:38:22       0      0      0      0      0      0      0   2785     15      0 
 20260722    03:38:23       0      0      0      0      0      0      0   2785     15      0 
 20260722    03:38:24       0     79     43      0      0      0      0   2785     15      0 
 20260722    03:38:25       0      0      0      0      0      0      0   2785     15      0 
#Date        Time         gpu     sm    mem    enc    dec    jpg    ofa     fb   bar1   ccpm 
#YYYYMMDD    HH:MM:SS     Idx      %      %      %      %      %      %     MB     MB     MB 
 20260722    03:38:26       0     22     10      0      0      0      0   2785     15      0 
 20260722    03:38:27       0     39     17      0      0      0      0   2785     15      0 
 20260722    03:38:28       0      0      0      0      0      0      0   2785     15      0 
 20260722    03:38:29       0      0      0      0      0      0      0   2785     15      0 
 20260722    03:38:30       0     83     45      0      0      0      0   2785     15      0 
 20260722    03:38:31       0      0      0      0      0      0      0   2781     15      0 
 20260722    03:38:32       0     22     12      0      0      0      0   2785     15      0 
 20260722    03:38:33       0     22     11      0      0      0      0   2785     15      0 
 20260722    03:38:34       0      4      0      0      0      0      0   2785     15      0 
 20260722    03:38:35       0      0      0      0      0      0      0   2785     15      0 
 20260722    03:38:36       0     33     12      0      0      0      0   2785     15      0 
 20260722    03:38:37       0      0      0      0      0      0      0   2785     15      0 
 20260722    03:38:38       0     32      1      0      0      0      0   2785     15      0 
 20260722    03:38:39       0     28      7      0      0      0      0   2785     15      0 
 20260722    03:38:40       0      0      0      0      0      0      0   2785     15      0 
 20260722    03:38:41       0     32     17      0      0      0      0   2785     15      0 
 20260722    03:38:42       0     55     34      0      0      0      0   2785     15      0 
 20260722    03:38:43       0      0      0      0      0      0      0   2785     15      0 
 20260722    03:38:44       0      0      0      0      0      0      0   2785     15      0 
 20260722    03:38:45       0      0      0      0      0      0      0   2785     15      0 
 20260722    03:38:46       0     22     11      0      0      0      0   2785     15      0 
 20260722    03:38:47       0      0      0      0      0      0      0   2785     15      0 
 20260722    03:38:48       0     15      8      0      0      0      0   2785     15      0 
 20260722    03:38:49       0      0      0      0      0      0      0   2785     15      0 
 20260722    03:38:50       0     37     12      0      0      0      0   2785     15      0 
 20260722    03:38:51       0      0      0      0      0      0      0   2785     15      0 
 20260722    03:38:52       0      0      0      0      0      0      0   2785     15      0 
 20260722    03:38:53       0     63     35      0      0      0      0   2785     15      0 
 20260722    03:38:54       0      0      0      0      0      0      0   2785     15      0 
 20260722    03:38:55       0     22     11      0      0      0      0   2785     15      0 
 20260722    03:38:56       0      0      0      0      0      0      0   2781     15      0 
 20260722    03:38:57       0     47     26      0      0      0      0   2785     15      0 
 20260722    03:38:58       0      0      0      0      0      0      0   2785     15      0 
 20260722    03:38:59       0     73     40      0      0      0      0   2785     15      0 
 20260722    03:39:00       0     34     13      0      0      0      0   2785     15      0 
 20260722    03:39:01       0      0      0      0      0      0      0   1207     15      0 
 20260722    03:39:02       0     19      9      0      0      0      0   2785     15      0 
 20260722    03:39:03       0      0      0      0      0      0      0   2785     15      0 
 20260722    03:39:04       0     22     11      0      0      0      0   2785     15      0 
 20260722    03:39:05       0     41     14      0      0      0      0   2785     15      0 
 20260722    03:39:06       0     17      2      0      0      0      0   2785     15      0 
 20260722    03:39:07       0      0      0      0      0      0      0   2785     15      0 
 20260722    03:39:08       0      0      0      0      0      0      0   2785     15      0 
 20260722    03:39:09       0     21     11      0      0      0      0   2785     15      0 
#Date        Time         gpu     sm    mem    enc    dec    jpg    ofa     fb   bar1   ccpm 
#YYYYMMDD    HH:MM:SS     Idx      %      %      %      %      %      %     MB     MB     MB 
 20260722    03:39:10       0     41     20      0      0      0      0   2785     15      0 
 20260722    03:39:11       0      0      0      0      0      0      0   2785     15      0 
 20260722    03:39:12       0     85     47      0      0      0      0   2785     15      0 
 20260722    03:39:13       0     57     41      0      0      0      0   2785     15      0 
 20260722    03:39:14       0      0      0      0      0      0      0   2785     15      0 
 20260722    03:39:15       0     74     40      0      0      0      0   2785     15      0 
 20260722    03:39:16       0      0      0      0      0      0      0   2785     15      0 
 20260722    03:39:17       0      0      0      0      0      0      0   2785     15      0 
 20260722    03:39:18       0     72     39      0      0      0      0   2785     15      0 
 20260722    03:39:19       0     46     21      0      0      0      0   2785     15      0 
 20260722    03:39:20       0     77     42      0      0      0      0   2785     15      0 
 20260722    03:39:21       0      1      0      0      0      0      0   2785     15      0 
 20260722    03:39:22       0      0      0      0      0      0      0   2785     15      0 
 20260722    03:39:23       0     22     11      0      0      0      0   2781     15      0 
 20260722    03:39:24       0     21      7      0      0      0      0   2781     15      0 
 20260722    03:39:25       0      0      0      0      0      0      0   2785     15      0 
 20260722    03:39:26       0     22      6      0      0      0      0   2785     15      0 
 20260722    03:39:27       0      0      0      0      0      0      0   2785     15      0 
 20260722    03:39:28       0     22     11      0      0      0      0   2781     15      0 
 20260722    03:39:29       0     24     13      0      0      0      0   2785     15      0 
 20260722    03:39:30       0      0      0      0      0      0      0   2785     15      0 
 20260722    03:39:31       0     38     20      0      0      0      0   2785     15      0 
 20260722    03:39:32       0      0      0      0      0      0      0   2785     15      0 
 20260722    03:39:33       0      0      0      0      0      0      0   2785     15      0 
 20260722    03:39:34       0      0      0      0      0      0      0   2785     15      0 
 20260722    03:39:35       0     22      2      0      0      0      0   2781     15      0 
 20260722    03:39:36       0     72     39      0      0      0      0   2785     15      0 
 20260722    03:39:37       0      0      0      0      0      0      0   2785     15      0 
 20260722    03:39:38       0     35     19      0      0      0      0   2785     15      0 
 20260722    03:39:39       0     79     43      0      0      0      0   1207     15      0 
 20260722    03:39:40       0     87     48      0      0      0      0   1207     15      0 
 20260722    03:39:41       0     45     24      0      0      0      0   2785     15      0 
 20260722    03:39:42       0      0      0      0      0      0      0   2785     15      0 
 20260722    03:39:43       0     62     34      0      0      0      0   2785     15      0 
 20260722    03:39:44       0     24     13      0      0      0      0   2785     15      0 
 20260722    03:39:45       0     20      9      0      0      0      0   2785     15      0 
 20260722    03:39:46       0     13      0      0      0      0      0   2785     15      0 
 20260722    03:39:47       0     20      2      0      0      0      0   1207     15      0 
 20260722    03:39:48       0     18      6      0      0      0      0   2785     15      0 
 20260722    03:39:49       0      0      0      0      0      0      0   2785     15      0 
 20260722    03:39:50       0      0      0      0      0      0      0   2785     15      0 
 20260722    03:39:51       0      0      0      0      0      0      0   2785     15      0 
 20260722    03:39:52       0     39     15      0      0      0      0   2781     15      0 
 20260722    03:39:53       0      0      0      0      0      0      0   2785     15      0 
#Date        Time         gpu     sm    mem    enc    dec    jpg    ofa     fb   bar1   ccpm 
#YYYYMMDD    HH:MM:SS     Idx      %      %      %      %      %      %     MB     MB     MB 
 20260722    03:39:54       0     22     11      0      0      0      0   2785     15      0 
 20260722    03:39:55       0      0      0      0      0      0      0   2785     15      0 
 20260722    03:39:56       0     48     26      0      0      0      0   2785     15      0 
 20260722    03:39:57       0     16      1      0      0      0      0   2785     15      0 
 20260722    03:39:59       0      0      0      0      0      0      0   2785     15      0 
 20260722    03:40:00       0      0      0      0      0      0      0   2785     15      0 
 20260722    03:40:01       0      0      0      0      0      0      0   2785     15      0 
 20260722    03:40:02       0      0      0      0      0      0      0   2785     15      0 
 20260722    03:40:03       0      0      0      0      0      0      0   2785     15      0 
 20260722    03:40:04       0     82     45      0      0      0      0   2785     15      0 
 20260722    03:40:05       0     36     11      0      0      0      0   2785     15      0 
 20260722    03:40:06       0     14      0      0      0      0      0   2785     15      0 
 20260722    03:40:07       0     50     25      0      0      0      0   2785     15      0 
 20260722    03:40:08       0      0      0      0      0      0      0   2785     15      0 
 20260722    03:40:09       0     19      1      0      0      0      0   2785     15      0 
 20260722    03:40:10       0     12      6      0      0      0      0   2785     15      0 
 20260722    03:40:11       0      1      0      0      0      0      0   2785     15      0 
 20260722    03:40:12       0     53     28      0      0      0      0   2785     15      0 
 20260722    03:40:13       0      3      0      0      0      0      0   2785     15      0 
 20260722    03:40:14       0      0      0      0      0      0      0   2781     15      0 
 20260722    03:40:15       0      0      0      0      0      0      0   2785     15      0 
 20260722    03:40:16       0     17      2      0      0      0      0   2781     15      0 
 20260722    03:40:17       0     29      7      0      0      0      0   2785     15      0 
 20260722    03:40:18       0      0      0      0      0      0      0   2785     15      0 
 20260722    03:40:19       0     62     34      0      0      0      0   2785     15      0 
 20260722    03:40:20       0     46     33      0      0      0      0   2785     15      0 
 20260722    03:40:21       0      0      0      0      0      0      0   2785     15      0 
 20260722    03:40:22       0     90     49      0      0      0      0   2785     15      0 
 20260722    03:40:23       0      0      0      0      0      0      0   2785     15      0 
 20260722    03:40:24       0      9      0      0      0      0      0   1207     15      0 
 20260722    03:40:25       0     40     14      0      0      0      0   2785     15      0 
 20260722    03:40:26       0     44     21      0      0      0      0   2785     15      0 
 20260722    03:40:27       0      0      0      0      0      0      0   2785     15      0 
 20260722    03:40:28       0     68     37      0      0      0      0   2785     15      0 
 20260722    03:40:29       0      0      0      0      0      0      0   2781     15      0 
 20260722    03:40:30       0      6      3      0      0      0      0   2785     15      0 
 20260722    03:40:31       0     36     10      0      0      0      0   2785     15      0 
 20260722    03:40:32       0     20      9      0      0      0      0   2785     15      0 
 20260722    03:40:33       0      0      0      0      0      0      0   2785     15      0 
 20260722    03:40:34       0     18      2      0      0      0      0   2785     15      0 
 20260722    03:40:35       0     47     26      0      0      0      0   2785     15      0 
 20260722    03:40:36       0      0      0      0      0      0      0   2787     15      0 
 20260722    03:40:37       0      0      0      0      0      0      0   2785     15      0 
 20260722    03:40:38       0      0      0      0      0      0      0   2785     15      0 
#Date        Time         gpu     sm    mem    enc    dec    jpg    ofa     fb   bar1   ccpm 
#YYYYMMDD    HH:MM:SS     Idx      %      %      %      %      %      %     MB     MB     MB 
 20260722    03:40:39       0      0      0      0      0      0      0   2785     15      0 
 20260722    03:40:40       0     35      8      0      0      0      0   2781     15      0 
 20260722    03:40:41       0     46     19      0      0      0      0   2785     15      0 
 20260722    03:40:42       0     81     44      0      0      0      0   2785     15      0 
 20260722    03:40:43       0      0      0      0      0      0      0   2785     15      0 
 20260722    03:40:44       0     21      3      0      0      0      0   2785     15      0 
 20260722    03:40:45       0      0      0      0      0      0      0   2785     15      0 
 20260722    03:40:46       0     20      9      0      0      0      0   2785     15      0 
 20260722    03:40:47       0      1      0      0      0      0      0   2785     15      0 
 20260722    03:40:48       0      0      0      0      0      0      0   2785     15      0 
 20260722    03:40:49       0     34     19      0      0      0      0   2785     15      0 
 20260722    03:40:50       0      0      0      0      0      0      0   2785     15      0 
 20260722    03:40:51       0      0      0      0      0      0      0   2785     15      0 
 20260722    03:40:52       0     22     11      0      0      0      0   2785     15      0 
 20260722    03:40:53       0     48     24      0      0      0      0   2785     15      0 
 20260722    03:40:54       0     73     40      0      0      0      0   2451     15      0 
 20260722    03:40:55       0      3      0      0      0      0      0   2781     15      0 
 20260722    03:40:56       0      0      0      0      0      0      0   2785     15      0 
 20260722    03:40:57       0     21      5      0      0      0      0   2785     15      0 
 20260722    03:40:58       0     15      8      0      0      0      0   2785     15      0 
 20260722    03:40:59       0      0      0      0      0      0      0   2785     15      0 
 20260722    03:41:00       0      0      0      0      0      0      0   2785     15      0 
 20260722    03:41:01       0      3      0      0      0      0      0   1831     15      0 
 20260722    03:41:02       0      0      0      0      0      0      0   2785     15      0 
 20260722    03:41:03       0     83     46      0      0      0      0   2785     15      0 
 20260722    03:41:04       0      0      0      0      0      0      0   2785     15      0 
 20260722    03:41:05       0     25      1      0      0      0      0   2781     15      0 
 20260722    03:41:06       0      0      0      0      0      0      0   2785     15      0 
 20260722    03:41:07       0     53     29      0      0      0      0   2785     15      0 
 20260722    03:41:08       0      0      0      0      0      0      0   2785     15      0 
 20260722    03:41:09       0      0      0      0      0      0      0   2785     15      0 
 20260722    03:41:10       0     22      0      0      0      0      0   2785     15      0 
 20260722    03:41:11       0      0      0      0      0      0      0   2781     15      0 
 20260722    03:41:12       0      0      0      0      0      0      0   2787     15      0 
 20260722    03:41:13       0      0      0      0      0      0      0   1983     15      0 
 20260722    03:41:14       0      0      0      0      0      0      0   2785     15      0 
 20260722    03:41:15       0     22     11      0      0      0      0   2785     15      0 
 20260722    03:41:16       0     27     10      0      0      0      0   2785     15      0 
 20260722    03:41:17       0      0      0      0      0      0      0   2785     15      0 
 20260722    03:41:18       0     19      9      0      0      0      0   2785     15      0 
 20260722    03:41:19       0      0      0      0      0      0      0   2785     15      0 
 20260722    03:41:20       0     49     26      0      0      0      0   2785     15      0 
 20260722    03:41:21       0     69     38      0      0      0      0   2785     15      0 
 20260722    03:41:22       0     22     11      0      0      0      0   2785     15      0 
#Date        Time         gpu     sm    mem    enc    dec    jpg    ofa     fb   bar1   ccpm 
#YYYYMMDD    HH:MM:SS     Idx      %      %      %      %      %      %     MB     MB     MB 
 20260722    03:41:23       0      0      0      0      0      0      0   2787     15      0 
 20260722    03:41:24       0     53     29      0      0      0      0   2785     15      0 
 20260722    03:41:25       0     69     38      0      0      0      0   2781     15      0 
 20260722    03:41:26       0     17      9      0      0      0      0   2785     15      0 
 20260722    03:41:27       0     85     47      0      0      0      0   2785     15      0 
 20260722    03:41:28       0     70     39      0      0      0      0   2785     15      0 
 20260722    03:41:29       0     83     45      0      0      0      0   2785     15      0 
 20260722    03:41:30       0     24     12      0      0      0      0   2785     15      0 
 20260722    03:41:31       0     47     24      0      0      0      0   2785     15      0 
 20260722    03:41:32       0      0      0      0      0      0      0   2781     15      0 
 20260722    03:41:33       0      0      0      0      0      0      0   2785     15      0 
 20260722    03:41:34       0      0      0      0      0      0      0   2785     15      0 
 20260722    03:41:35       0      0      0      0      0      0      0   2785     15      0 
 20260722    03:41:36       0      0      0      0      0      0      0   2781     15      0 
 20260722    03:41:37       0     47     23      0      0      0      0   2785     15      0 
 20260722    03:41:38       0      0      0      0      0      0      0   2785     15      0 
 20260722    03:41:39       0      0      0      0      0      0      0   2785     15      0 
 20260722    03:41:40       0     90     49      0      0      0      0   2785     15      0 
 20260722    03:41:41       0      0      0      0      0      0      0   2785     15      0 
 20260722    03:41:42       0     18      4      0      0      0      0   2785     15      0 
 20260722    03:41:43       0     42     23      0      0      0      0   2785     15      0 
 20260722    03:41:44       0     22     11      0      0      0      0   2785     15      0 
 20260722    03:41:45       0     20      0      0      0      0      0   2785     15      0 
 20260722    03:41:46       0      0      0      0      0      0      0   2785     15      0 
 20260722    03:41:47       0     64     35      0      0      0      0   2785     15      0 
 20260722    03:41:48       0      9      5      0      0      0      0   1207     15      0 
 20260722    03:41:49       0     88     48      0      0      0      0   2785     15      0 
 20260722    03:41:50       0      1      0      0      0      0      0   2785     15      0 
 20260722    03:41:51       0     76     41      0      0      0      0   2787     15      0 
 20260722    03:41:52       0     40     16      0      0      0      0   2785     15      0 
 20260722    03:41:53       0     72     40      0      0      0      0   2785     15      0 
 20260722    03:41:54       0     34     14      0      0      0      0   2785     15      0 
 20260722    03:41:55       0      0      0      0      0      0      0   2781     15      0 
 20260722    03:41:56       0     31     17      0      0      0      0   2785     15      0 
 20260722    03:41:57       0     46     20      0      0      0      0   2785     15      0 
 20260722    03:41:58       0      0      0      0      0      0      0   2785     15      0 
 20260722    03:41:59       0      0      0      0      0      0      0   2785     15      0 
 20260722    03:42:00       0     45     24      0      0      0      0   2785     15      0 
 20260722    03:42:01       0      0      0      0      0      0      0   2781     15      0 
 20260722    03:42:02       0     60     33      0      0      0      0   2785     15      0 
 20260722    03:42:03       0      4      0      0      0      0      0   2785     15      0 
 20260722    03:42:04       0      0      0      0      0      0      0   2781     15      0 
 20260722    03:42:05       0     86     47      0      0      0      0   2781     15      0 
 20260722    03:42:06       0     59     32      0      0      0      0   2785     15      0 
#Date        Time         gpu     sm    mem    enc    dec    jpg    ofa     fb   bar1   ccpm 
#YYYYMMDD    HH:MM:SS     Idx      %      %      %      %      %      %     MB     MB     MB 
 20260722    03:42:07       0     11      0      0      0      0      0   2785     15      0 
 20260722    03:42:08       0     44     17      0      0      0      0   2785     15      0 
 20260722    03:42:09       0     17      8      0      0      0      0   2785     15      0 
 20260722    03:42:10       0     20      9      0      0      0      0   2785     15      0 
 20260722    03:42:11       0      0      0      0      0      0      0   2785     15      0 
 20260722    03:42:12       0      0      0      0      0      0      0   2785     15      0 
 20260722    03:42:13       0      0      0      0      0      0      0   2785     15      0 
 20260722    03:42:14       0     47     23      0      0      0      0   2785     15      0 
 20260722    03:42:15       0      0      0      0      0      0      0   2785     15      0 
 20260722    03:42:16       0     30      9      0      0      0      0   2785     15      0 
 20260722    03:42:17       0      0      0      0      0      0      0   2785     15      0 
 20260722    03:42:18       0      0      0      0      0      0      0   2785     15      0 
 20260722    03:42:19       0     14      4      0      0      0      0   2785     15      0 
 20260722    03:42:20       0     11      4      0      0      0      0   2785     15      0 
 20260722    03:42:21       0      0      0      0      0      0      0   2785     15      0 
 20260722    03:42:22       0     12      0      0      0      0      0   2785     15      0 
 20260722    03:42:23       0      0      0      0      0      0      0   1207     15      0 
 20260722    03:42:24       0     20      9      0      0      0      0   2785     15      0 
 20260722    03:42:25       0     33     18      0      0      0      0   2785     15      0 
 20260722    03:42:26       0     37     20      0      0      0      0   2785     15      0 
 20260722    03:42:27       0      0      0      0      0      0      0   1207     15      0 
 20260722    03:42:28       0      0      0      0      0      0      0   1207     15      0 
 20260722    03:42:29       0      0      0      0      0      0      0   1207     15      0 
 20260722    03:42:30       0      0      0      0      0      0      0   1207     15      0 
 20260722    03:42:31       0      0      0      0      0      0      0   1207     15      0 
 20260722    03:42:32       0      0      0      0      0      0      0   1207     15      0 
 20260722    03:42:33       0      0      0      0      0      0      0   1207     15      0 
