#Date        Time         gpu     sm    mem    enc    dec    jpg    ofa     fb   bar1   ccpm 
#YYYYMMDD    HH:MM:SS     Idx      %      %      %      %      %      %     MB     MB     MB 
 20260722    03:07:16       0      0      0      0      0      0      0     92     13      0 
 20260722    03:07:17       0      0      0      0      0      0      0     92     13      0 
 20260722    03:07:18       0      0      0      0      0      0      0     92     13      0 
 20260722    03:07:19       0      0      0      0      0      0      0     92     13      0 
 20260722    03:07:20       0      0      0      0      0      0      0     92     13      0 
 20260722    03:07:21       0      0      0      0      0      0      0     92     13      0 
 20260722    03:07:22       0      0      0      0      0      0      0     92     13      0 
 20260722    03:07:23       0      0      0      0      0      0      0    685     15      0 
 20260722    03:07:24       0      5      1      0      0      0      0   1309     15      0 
 20260722    03:07:25       0     13      5      0      0      0      0   1529     15      0 
 20260722    03:07:26       0      1      1      0      0      0      0   1287     15      0 
 20260722    03:07:27       0     65     35      0      0      0      0   2785     15      0 
 20260722    03:07:28       0     64     35      0      0      0      0   2785     15      0 
 20260722    03:07:29       0      0      0      0      0      0      0   2785     15      0 
 20260722    03:07:30       0     27      8      0      0      0      0   2785     15      0 
 20260722    03:07:31       0     27      0      0      0      0      0   1207     15      0 
 20260722    03:07:32       0      2      0      0      0      0      0   2785     15      0 
 20260722    03:07:33       0      2      0      0      0      0      0   2785     15      0 
 20260722    03:07:35       0      0      0      0      0      0      0   2785     15      0 
 20260722    03:07:36       0      0      0      0      0      0      0   2785     15      0 
 20260722    03:07:37       0      0      0      0      0      0      0   2785     15      0 
 20260722    03:07:38       0     37     18      0      0      0      0   2785     15      0 
 20260722    03:07:39       0      0      0      0      0      0      0   2785     15      0 
 20260722    03:07:40       0     90     49      0      0      0      0   2785     15      0 
 20260722    03:07:41       0      2      0      0      0      0      0   2785     15      0 
 20260722    03:07:42       0      0      0      0      0      0      0   2785     15      0 
 20260722    03:07:43       0     68     37      0      0      0      0   2785     15      0 
 20260722    03:07:44       0      0      0      0      0      0      0   2781     15      0 
 20260722    03:07:45       0      0      0      0      0      0      0   2785     15      0 
 20260722    03:07:46       0     31      9      0      0      0      0   2781     15      0 
 20260722    03:07:47       0      2      0      0      0      0      0   2785     15      0 
 20260722    03:07:48       0      2      0      0      0      0      0   2785     15      0 
 20260722    03:07:49       0     90     49      0      0      0      0   1207     15      0 
 20260722    03:07:50       0     13      0      0      0      0      0   2781     15      0 
 20260722    03:07:51       0     82     45      0      0      0      0   2785     15      0 
 20260722    03:07:52       0     17      2      0      0      0      0   2785     15      0 
 20260722    03:07:53       0     45     22      0      0      0      0   2781     15      0 
 20260722    03:07:54       0      0      0      0      0      0      0   2785     15      0 
 20260722    03:07:55       0     32     11      0      0      0      0   2785     15      0 
 20260722    03:07:56       0      1      1      0      0      0      0   2785     15      0 
 20260722    03:07:57       0     35     12      0      0      0      0   2783     15      0 
 20260722    03:07:58       0      3      1      0      0      0      0   2787     15      0 
 20260722    03:07:59       0     19      9      0      0      0      0   2785     15      0 
 20260722    03:08:00       0     22     10      0      0      0      0   2787     15      0 
#Date        Time         gpu     sm    mem    enc    dec    jpg    ofa     fb   bar1   ccpm 
#YYYYMMDD    HH:MM:SS     Idx      %      %      %      %      %      %     MB     MB     MB 
 20260722    03:08:01       0     19      9      0      0      0      0   2785     15      0 
 20260722    03:08:02       0     47     25      0      0      0      0   2785     15      0 
 20260722    03:08:03       0      0      0      0      0      0      0   2783     15      0 
 20260722    03:08:04       0     64     35      0      0      0      0   2785     15      0 
 20260722    03:08:05       0     18      2      0      0      0      0   2785     15      0 
 20260722    03:08:06       0     38     12      0      0      0      0   2781     15      0 
 20260722    03:08:07       0     18      0      0      0      0      0   2783     15      0 
 20260722    03:08:08       0      0      0      0      0      0      0   2785     15      0 
 20260722    03:08:09       0     34     18      0      0      0      0   2785     15      0 
 20260722    03:08:10       0      0      0      0      0      0      0   2781     15      0 
 20260722    03:08:11       0     12      0      0      0      0      0   2781     15      0 
 20260722    03:08:12       0     36     13      0      0      0      0   2781     15      0 
 20260722    03:08:13       0      0      0      0      0      0      0   2783     15      0 
 20260722    03:08:14       0     19     10      0      0      0      0   2783     15      0 
 20260722    03:08:15       0      0      0      0      0      0      0   2783     15      0 
 20260722    03:08:16       0     24     12      0      0      0      0   2785     15      0 
 20260722    03:08:17       0     49     27      0      0      0      0   2785     15      0 
 20260722    03:08:18       0     81     44      0      0      0      0   2785     15      0 
 20260722    03:08:19       0     43     17      0      0      0      0   2785     15      0 
 20260722    03:08:20       0      0      0      0      0      0      0   2781     15      0 
 20260722    03:08:21       0     42     26      0      0      0      0   2785     15      0 
 20260722    03:08:22       0      1      1      0      0      0      0   2785     15      0 
 20260722    03:08:23       0     35     20      0      0      0      0   2781     15      0 
 20260722    03:08:24       0      1      1      0      0      0      0   2785     15      0 
 20260722    03:08:25       0     39     19      0      0      0      0   2781     15      0 
 20260722    03:08:26       0      1      0      0      0      0      0   2785     15      0 
 20260722    03:08:27       0     52     29      0      0      0      0   2781     15      0 
 20260722    03:08:28       0      0      0      0      0      0      0   2785     15      0 
 20260722    03:08:29       0     28      2      0      0      0      0   2783     15      0 
 20260722    03:08:30       0      2      1      0      0      0      0   2781     15      0 
 20260722    03:08:31       0     61     33      0      0      0      0   2781     15      0 
 20260722    03:08:32       0      0      0      0      0      0      0   2781     15      0 
 20260722    03:08:33       0      0      0      0      0      0      0   2781     15      0 
 20260722    03:08:34       0     37     16      0      0      0      0   2785     15      0 
 20260722    03:08:35       0      0      0      0      0      0      0   2781     15      0 
 20260722    03:08:36       0      0      0      0      0      0      0   2781     15      0 
 20260722    03:08:37       0      1      1      0      0      0      0   2785     15      0 
 20260722    03:08:38       0     22     10      0      0      0      0   2783     15      0 
 20260722    03:08:39       0      1      0      0      0      0      0   1831     15      0 
 20260722    03:08:40       0      4      2      0      0      0      0   2785     15      0 
 20260722    03:08:41       0      2      2      0      0      0      0   2781     15      0 
 20260722    03:08:42       0      1      1      0      0      0      0   2785     15      0 
 20260722    03:08:43       0      1      1      0      0      0      0   2781     15      0 
 20260722    03:08:44       0      0      0      0      0      0      0   2785     15      0 
#Date        Time         gpu     sm    mem    enc    dec    jpg    ofa     fb   bar1   ccpm 
#YYYYMMDD    HH:MM:SS     Idx      %      %      %      %      %      %     MB     MB     MB 
 20260722    03:08:45       0     18      4      0      0      0      0   2785     15      0 
 20260722    03:08:46       0     22     10      0      0      0      0   2785     15      0 
 20260722    03:08:47       0      0      0      0      0      0      0   2785     15      0 
 20260722    03:08:48       0      3      1      0      0      0      0   2785     15      0 
 20260722    03:08:49       0      0      0      0      0      0      0   2785     15      0 
 20260722    03:08:50       0     83     45      0      0      0      0   2783     15      0 
 20260722    03:08:51       0      2      1      0      0      0      0   2491     15      0 
 20260722    03:08:52       0      1      0      0      0      0      0   1207     15      0 
 20260722    03:08:53       0      2      0      0      0      0      0   2785     15      0 
 20260722    03:08:54       0      0      0      0      0      0      0   2785     15      0 
 20260722    03:08:55       0      1      1      0      0      0      0   2785     15      0 
 20260722    03:08:56       0     27      9      0      0      0      0   2785     15      0 
 20260722    03:08:57       0      1      1      0      0      0      0   2781     15      0 
 20260722    03:08:58       0     84     46      0      0      0      0   2785     15      0 
 20260722    03:08:59       0     54     29      0      0      0      0   2781     15      0 
 20260722    03:09:00       0      1      0      0      0      0      0   2785     15      0 
 20260722    03:09:01       0     16      8      0      0      0      0   2785     15      0 
 20260722    03:09:02       0     39      9      0      0      0      0   2785     15      0 
 20260722    03:09:03       0     18      0      0      0      0      0   2783     15      0 
 20260722    03:09:04       0      1      1      0      0      0      0   1207     15      0 
 20260722    03:09:05       0     19      9      0      0      0      0   2785     15      0 
 20260722    03:09:06       0     33     21      0      0      0      0   2785     15      0 
 20260722    03:09:07       0      0      0      0      0      0      0   2785     15      0 
 20260722    03:09:08       0     22     10      0      0      0      0   2785     15      0 
 20260722    03:09:09       0      3      1      0      0      0      0   2785     15      0 
 20260722    03:09:10       0      0      0      0      0      0      0   2781     15      0 
 20260722    03:09:11       0      7      3      0      0      0      0   2785     15      0 
 20260722    03:09:12       0      0      0      0      0      0      0   2785     15      0 
 20260722    03:09:13       0      9      0      0      0      0      0   2785     15      0 
 20260722    03:09:14       0     78     42      0      0      0      0   2785     15      0 
 20260722    03:09:15       0      6      3      0      0      0      0   2785     15      0 
 20260722    03:09:16       0      0      0      0      0      0      0   2785     15      0 
 20260722    03:09:17       0      0      0      0      0      0      0   1207     15      0 
 20260722    03:09:18       0      0      0      0      0      0      0   2781     15      0 
 20260722    03:09:19       0     19      9      0      0      0      0   2785     15      0 
 20260722    03:09:20       0      0      0      0      0      0      0   2785     15      0 
 20260722    03:09:21       0     80     44      0      0      0      0   2785     15      0 
 20260722    03:09:22       0      0      0      0      0      0      0   2781     15      0 
 20260722    03:09:23       0     19      9      0      0      0      0   2785     15      0 
 20260722    03:09:24       0     29     16      0      0      0      0   2785     15      0 
 20260722    03:09:25       0      0      0      0      0      0      0   2781     15      0 
 20260722    03:09:26       0     23      7      0      0      0      0   2781     15      0 
 20260722    03:09:27       0     22     10      0      0      0      0   2785     15      0 
 20260722    03:09:28       0     14      0      0      0      0      0   2781     15      0 
#Date        Time         gpu     sm    mem    enc    dec    jpg    ofa     fb   bar1   ccpm 
#YYYYMMDD    HH:MM:SS     Idx      %      %      %      %      %      %     MB     MB     MB 
 20260722    03:09:29       0     34      7      0      0      0      0   2785     15      0 
 20260722    03:09:30       0     83     46      0      0      0      0   2785     15      0 
 20260722    03:09:31       0      0      0      0      0      0      0   2785     15      0 
 20260722    03:09:32       0     15      0      0      0      0      0   2785     15      0 
 20260722    03:09:33       0     29     16      0      0      0      0   2785     15      0 
 20260722    03:09:34       0     79     43      0      0      0      0   2785     15      0 
 20260722    03:09:35       0      1      0      0      0      0      0   2781     15      0 
 20260722    03:09:36       0     52     29      0      0      0      0   2785     15      0 
 20260722    03:09:37       0     90     49      0      0      0      0   2785     15      0 
 20260722    03:09:38       0     19      9      0      0      0      0   2785     15      0 
 20260722    03:09:39       0     56     30      0      0      0      0   2785     15      0 
 20260722    03:09:40       0      0      0      0      0      0      0   2785     15      0 
 20260722    03:09:41       0      0      0      0      0      0      0   2787     15      0 
 20260722    03:09:42       0      3      1      0      0      0      0   2785     15      0 
 20260722    03:09:43       0      0      0      0      0      0      0   2783     15      0 
 20260722    03:09:44       0     29     15      0      0      0      0   2785     15      0 
 20260722    03:09:45       0     21      5      0      0      0      0   2781     15      0 
 20260722    03:09:46       0      2      1      0      0      0      0   2785     15      0 
 20260722    03:09:47       0     27     15      0      0      0      0   2785     15      0 
 20260722    03:09:48       0      5      3      0      0      0      0   2785     15      0 
 20260722    03:09:49       0      0      0      0      0      0      0   2785     15      0 
 20260722    03:09:50       0      0      0      0      0      0      0   2785     15      0 
 20260722    03:09:51       0     41     22      0      0      0      0   2785     15      0 
 20260722    03:09:52       0      0      0      0      0      0      0   2785     15      0 
 20260722    03:09:53       0      0      0      0      0      0      0   2785     15      0 
 20260722    03:09:54       0      0      0      0      0      0      0   1207     15      0 
 20260722    03:09:55       0      0      0      0      0      0      0   1207     15      0 
