#Date        Time         gpu     sm    mem    enc    dec    jpg    ofa     fb   bar1   ccpm 
#YYYYMMDD    HH:MM:SS     Idx      %      %      %      %      %      %     MB     MB     MB 
 20260711    11:58:28       0      0      0      0      0      0      0     92     13      0 
 20260711    11:58:29       0      0      0      0      0      0      0     92     13      0 
 20260711    11:58:30       0      0      0      0      0      0      0     92     13      0 
 20260711    11:58:31       0      0      0      0      0      0      0     92     13      0 
 20260711    11:58:32       0      0      0      0      0      0      0     92     13      0 
 20260711    11:58:33       0      0      0      0      0      0      0     92     13      0 
 20260711    11:58:34       0      0      0      0      0      0      0     92     13      0 
 20260711    11:58:35       0      0      0      0      0      0      0     92     13      0 
 20260711    11:58:36       0      0      0      0      0      0      0     92     13      0 
 20260711    11:58:37       0      0      0      0      0      0      0     92     13      0 
 20260711    11:58:38       0      0      0      0      0      0      0     92     13      0 
 20260711    11:58:39       0      0      0      0      0      0      0     92     13      0 
 20260711    11:58:40       0      0      0      0      0      0      0     92     13      0 
 20260711    11:58:42       0      0      0      0      0      0      0     92     13      0 
 20260711    11:58:43       0      0      0      0      0      0      0     92     13      0 
 20260711    11:58:44       0      0      0      0      0      0      0     92     13      0 
 20260711    11:58:45       0      0      0      0      0      0      0     92     13      0 
 20260711    11:58:46       0      0      0      0      0      0      0     92     13      0 
 20260711    11:58:47       0      0      0      0      0      0      0     92     13      0 
 20260711    11:58:48       0      0      0      0      0      0      0     92     13      0 
 20260711    11:58:49       0      0      0      0      0      0      0     92     13      0 
 20260711    11:58:50       0      0      0      0      0      0      0     92     13      0 
 20260711    11:58:51       0      0      0      0      0      0      0    685     15      0 
 20260711    11:58:52       0      0      0      0      0      0      0   1969     15      0 
 20260711    11:58:53       0     19     13      0      0      0      0   2767     15      0 
 20260711    11:58:54       0      8      2      0      0      0      0   2099     15      0 
 20260711    11:58:55       0     96     67      0      0      0      0   4381     15      0 
 20260711    11:58:56       0     57     41      0      0      0      0   5153     15      0 
 20260711    11:58:57       0      2      1      0      0      0      0   5153     15      0 
 20260711    11:58:58       0     98     69      0      0      0      0   5153     15      0 
 20260711    11:58:59       0     12      6      0      0      0      0   5153     15      0 
 20260711    11:59:00       0     24     17      0      0      0      0   5155     15      0 
 20260711    11:59:01       0      5      4      0      0      0      0   5153     15      0 
 20260711    11:59:02       0     87     60      0      0      0      0   5153     15      0 
 20260711    11:59:03       0     19     11      0      0      0      0   5153     15      0 
 20260711    11:59:04       0      0      0      0      0      0      0   5153     15      0 
 20260711    11:59:05       0     71     46      0      0      0      0   3617     15      0 
 20260711    11:59:06       0      1      1      0      0      0      0   5153     15      0 
 20260711    11:59:07       0     48     27      0      0      0      0   3617     15      0 
 20260711    11:59:08       0      1      0      0      0      0      0   5153     15      0 
 20260711    11:59:09       0     29     16      0      0      0      0   5153     15      0 
 20260711    11:59:10       0     86     59      0      0      0      0   5153     15      0 
 20260711    11:59:11       0     19     11      0      0      0      0   4129     15      0 
 20260711    11:59:12       0     36     17      0      0      0      0   5155     15      0 
#Date        Time         gpu     sm    mem    enc    dec    jpg    ofa     fb   bar1   ccpm 
#YYYYMMDD    HH:MM:SS     Idx      %      %      %      %      %      %     MB     MB     MB 
 20260711    11:59:13       0      0      0      0      0      0      0   5153     15      0 
 20260711    11:59:14       0     90     60      0      0      0      0   3617     15      0 
 20260711    11:59:15       0      1      0      0      0      0      0   5153     15      0 
 20260711    11:59:16       0     88     57      0      0      0      0   3617     15      0 
 20260711    11:59:17       0     36     16      0      0      0      0   5155     15      0 
 20260711    11:59:18       0      1      0      0      0      0      0   5153     15      0 
 20260711    11:59:19       0     99     69      0      0      0      0   2043     15      0 
 20260711    11:59:20       0      0      0      0      0      0      0   5153     15      0 
 20260711    11:59:21       0     10      9      0      0      0      0   5153     15      0 
 20260711    11:59:22       0      0      0      0      0      0      0   4641     15      0 
 20260711    11:59:23       0     43     25      0      0      0      0   5157     15      0 
 20260711    11:59:24       0      1      1      0      0      0      0   5153     15      0 
 20260711    11:59:25       0     99     69      0      0      0      0   3617     15      0 
 20260711    11:59:26       0      0      0      0      0      0      0   5155     15      0 
 20260711    11:59:27       0     33     17      0      0      0      0   5153     15      0 
 20260711    11:59:28       0     34     24      0      0      0      0   5155     15      0 
 20260711    11:59:29       0      5      4      0      0      0      0   4129     15      0 
 20260711    11:59:30       0      0      0      0      0      0      0   5155     15      0 
 20260711    11:59:31       0      1      0      0      0      0      0   5153     15      0 
 20260711    11:59:32       0     90     60      0      0      0      0   5153     15      0 
 20260711    11:59:33       0      2      1      0      0      0      0   5153     15      0 
 20260711    11:59:34       0     91     62      0      0      0      0   5153     15      0 
 20260711    11:59:35       0     94     64      0      0      0      0   5155     15      0 
 20260711    11:59:36       0     52     36      0      0      0      0   5153     15      0 
 20260711    11:59:37       0     35     24      0      0      0      0   5157     15      0 
 20260711    11:59:38       0      5      4      0      0      0      0   5153     15      0 
 20260711    11:59:39       0     87     57      0      0      0      0   5153     15      0 
 20260711    11:59:40       0     66     46      0      0      0      0   3617     15      0 
 20260711    11:59:41       0     81     52      0      0      0      0   5157     15      0 
 20260711    11:59:42       0     96     67      0      0      0      0   5157     15      0 
 20260711    11:59:43       0      2      1      0      0      0      0   5155     15      0 
 20260711    11:59:44       0      8      4      0      0      0      0   5155     15      0 
 20260711    11:59:45       0     88     57      0      0      0      0   4129     15      0 
 20260711    11:59:46       0     43     24      0      0      0      0   5155     15      0 
 20260711    11:59:47       0      2      1      0      0      0      0   5153     15      0 
 20260711    11:59:48       0     99     69      0      0      0      0   3617     15      0 
 20260711    11:59:49       0      5      4      0      0      0      0   5153     15      0 
 20260711    11:59:50       0     26     12      0      0      0      0   5153     15      0 
 20260711    11:59:51       0     87     60      0      0      0      0   5153     15      0 
 20260711    11:59:52       0     19     11      0      0      0      0   5153     15      0 
 20260711    11:59:53       0     33     15      0      0      0      0   5153     15      0 
 20260711    11:59:54       0      2      1      0      0      0      0   5153     15      0 
 20260711    11:59:55       0      1      1      0      0      0      0   5159     15      0 
 20260711    11:59:56       0     42     23      0      0      0      0   4129     15      0 
#Date        Time         gpu     sm    mem    enc    dec    jpg    ofa     fb   bar1   ccpm 
#YYYYMMDD    HH:MM:SS     Idx      %      %      %      %      %      %     MB     MB     MB 
 20260711    11:59:57       0     14      1      0      0      0      0   2043     15      0 
 20260711    11:59:58       0      0      0      0      0      0      0   5153     15      0 
 20260711    11:59:59       0      0      0      0      0      0      0   2043     15      0 
 20260711    12:00:00       0      2      1      0      0      0      0   5153     15      0 
 20260711    12:00:01       0     27     13      0      0      0      0   4129     15      0 
 20260711    12:00:02       0      0      0      0      0      0      0   5155     15      0 
 20260711    12:00:03       0     24     12      0      0      0      0   5153     15      0 
 20260711    12:00:04       0     82     58      0      0      0      0   5153     15      0 
 20260711    12:00:05       0     93     65      0      0      0      0   5157     15      0 
 20260711    12:00:06       0     19     11      0      0      0      0   5157     15      0 
 20260711    12:00:07       0     19     10      0      0      0      0   5153     15      0 
 20260711    12:00:08       0     32     22      0      0      0      0   3617     15      0 
 20260711    12:00:09       0      2      1      0      0      0      0   5155     15      0 
 20260711    12:00:10       0     55     34      0      0      0      0   5153     15      0 
 20260711    12:00:11       0     81     52      0      0      0      0   5153     15      0 
 20260711    12:00:12       0     10      7      0      0      0      0   5153     15      0 
 20260711    12:00:13       0      3      3      0      0      0      0   5159     15      0 
 20260711    12:00:14       0     22      5      0      0      0      0   5153     15      0 
 20260711    12:00:15       0     36     25      0      0      0      0   5153     15      0 
 20260711    12:00:16       0     91     62      0      0      0      0   5155     15      0 
 20260711    12:00:17       0      3      1      0      0      0      0   5153     15      0 
 20260711    12:00:18       0     99     69      0      0      0      0   5153     15      0 
 20260711    12:00:19       0      1      1      0      0      0      0   5155     15      0 
 20260711    12:00:20       0     88     60      0      0      0      0   2043     15      0 
 20260711    12:00:21       0      0      0      0      0      0      0   5153     15      0 
 20260711    12:00:22       0     90     59      0      0      0      0   5153     15      0 
 20260711    12:00:23       0     80     56      0      0      0      0   5153     15      0 
 20260711    12:00:24       0     11      2      0      0      0      0   3617     15      0 
 20260711    12:00:25       0     46     32      0      0      0      0   5157     15      0 
 20260711    12:00:26       0     19     11      0      0      0      0   5153     15      0 
 20260711    12:00:27       0      5      4      0      0      0      0   5153     15      0 
 20260711    12:00:28       0      5      4      0      0      0      0   5153     15      0 
 20260711    12:00:29       0     24      9      0      0      0      0   5153     15      0 
 20260711    12:00:30       0     24      7      0      0      0      0   5157     15      0 
 20260711    12:00:31       0     87     58      0      0      0      0   5153     15      0 
 20260711    12:00:32       0     31     22      0      0      0      0   5153     15      0 
 20260711    12:00:33       0     22      0      0      0      0      0   3617     15      0 
 20260711    12:00:34       0     88     57      0      0      0      0   5155     15      0 
 20260711    12:00:35       0      1      0      0      0      0      0   5153     15      0 
 20260711    12:00:36       0      0      0      0      0      0      0   3617     15      0 
 20260711    12:00:37       0      0      0      0      0      0      0   5153     15      0 
 20260711    12:00:38       0     87     79      0      0      0      0   2043     15      0 
 20260711    12:00:39       0      1      1      0      0      0      0   5153     15      0 
 20260711    12:00:40       0     77     68      0      0      0      0   2043     15      0 
#Date        Time         gpu     sm    mem    enc    dec    jpg    ofa     fb   bar1   ccpm 
#YYYYMMDD    HH:MM:SS     Idx      %      %      %      %      %      %     MB     MB     MB 
 20260711    12:00:41       0      0      0      0      0      0      0   5153     15      0 
 20260711    12:00:42       0     90     62      0      0      0      0   2043     15      0 
 20260711    12:00:43       0      0      0      0      0      0      0   5153     15      0 
 20260711    12:00:44       0     91     61      0      0      0      0   5153     15      0 
 20260711    12:00:45       0     13      9      0      0      0      0   5155     15      0 
 20260711    12:00:46       0      5      4      0      0      0      0   5155     15      0 
 20260711    12:00:47       0      0      0      0      0      0      0   5153     15      0 
 20260711    12:00:48       0     75     51      0      0      0      0   5159     15      0 
 20260711    12:00:49       0     19     11      0      0      0      0   5153     15      0 
 20260711    12:00:50       0     37     19      0      0      0      0   5153     15      0 
 20260711    12:00:51       0     91     60      0      0      0      0   3617     15      0 
 20260711    12:00:52       0     99     69      0      0      0      0   2043     15      0 
 20260711    12:00:53       0     19     11      0      0      0      0   5153     15      0 
 20260711    12:00:54       0     73     47      0      0      0      0   5153     15      0 
 20260711    12:00:55       0     43     18      0      0      0      0   3617     15      0 
 20260711    12:00:56       0      1      1      0      0      0      0   5155     15      0 
 20260711    12:00:57       0     28     12      0      0      0      0   5153     15      0 
 20260711    12:00:58       0     99     69      0      0      0      0   2187     15      0 
 20260711    12:00:59       0     36     25      0      0      0      0   5157     15      0 
 20260711    12:01:00       0     19     11      0      0      0      0   5155     15      0 
 20260711    12:01:01       0     55     33      0      0      0      0   5153     15      0 
 20260711    12:01:02       0     53     45      0      0      0      0   5153     15      0 
 20260711    12:01:03       0      2      1      0      0      0      0   5155     15      0 
 20260711    12:01:04       0      0      0      0      0      0      0   5153     15      0 
 20260711    12:01:05       0      2      1      0      0      0      0   5155     15      0 
 20260711    12:01:06       0     23      8      0      0      0      0   5155     15      0 
 20260711    12:01:07       0      0      0      0      0      0      0   5153     15      0 
 20260711    12:01:08       0     98     69      0      0      0      0   2043     15      0 
 20260711    12:01:09       0     19     11      0      0      0      0   5159     15      0 
 20260711    12:01:10       0     90     61      0      0      0      0   5153     15      0 
 20260711    12:01:11       0     19      0      0      0      0      0   5153     15      0 
 20260711    12:01:12       0     92     62      0      0      0      0   3617     15      0 
 20260711    12:01:13       0      0      0      0      0      0      0   5155     15      0 
 20260711    12:01:14       0     22      4      0      0      0      0   5153     15      0 
 20260711    12:01:15       0     59     38      0      0      0      0   5153     15      0 
 20260711    12:01:16       0     28      6      0      0      0      0   2043     15      0 
 20260711    12:01:17       0      0      0      0      0      0      0   5155     15      0 
 20260711    12:01:18       0     99     70      0      0      0      0   5153     15      0 
 20260711    12:01:19       0     99     69      0      0      0      0   5153     15      0 
 20260711    12:01:20       0     99     69      0      0      0      0   5155     15      0 
 20260711    12:01:21       0      0      0      0      0      0      0   4129     15      0 
 20260711    12:01:22       0      0      0      0      0      0      0   5155     15      0 
 20260711    12:01:23       0     26     10      0      0      0      0   5159     15      0 
 20260711    12:01:24       0     91     62      0      0      0      0   5153     15      0 
#Date        Time         gpu     sm    mem    enc    dec    jpg    ofa     fb   bar1   ccpm 
#YYYYMMDD    HH:MM:SS     Idx      %      %      %      %      %      %     MB     MB     MB 
 20260711    12:01:25       0     92     63      0      0      0      0   5153     15      0 
 20260711    12:01:26       0     82     57      0      0      0      0   5155     15      0 
 20260711    12:01:27       0      0      0      0      0      0      0   5155     15      0 
 20260711    12:01:28       0     36     16      0      0      0      0   3617     15      0 
 20260711    12:01:29       0      1      0      0      0      0      0   5159     15      0 
 20260711    12:01:30       0     91     61      0      0      0      0   5159     15      0 
 20260711    12:01:31       0      0      0      0      0      0      0   5153     15      0 
 20260711    12:01:32       0     67     48      0      0      0      0   3617     15      0 
 20260711    12:01:33       0     19     11      0      0      0      0   5155     15      0 
 20260711    12:01:34       0     23     16      0      0      0      0   5153     15      0 
 20260711    12:01:35       0     92     60      0      0      0      0   5153     15      0 
 20260711    12:01:36       0     18     13      0      0      0      0   5157     15      0 
 20260711    12:01:37       0     52     30      0      0      0      0   2043     15      0 
 20260711    12:01:38       0      0      0      0      0      0      0   5153     15      0 
 20260711    12:01:39       0     11      8      0      0      0      0   2043     15      0 
 20260711    12:01:40       0      0      0      0      0      0      0   3617     15      0 
 20260711    12:01:41       0     19     11      0      0      0      0   2043     15      0 
 20260711    12:01:42       0      5      4      0      0      0      0   5153     15      0 
 20260711    12:01:43       0      3      3      0      0      0      0   5153     15      0 
 20260711    12:01:44       0     99     69      0      0      0      0   5155     15      0 
 20260711    12:01:45       0      0      0      0      0      0      0   4129     15      0 
 20260711    12:01:46       0     71     46      0      0      0      0   5155     15      0 
 20260711    12:01:47       0     91     61      0      0      0      0   5153     15      0 
 20260711    12:01:48       0      0      0      0      0      0      0   2043     15      0 
 20260711    12:01:49       0     99     69      0      0      0      0   5155     15      0 
 20260711    12:01:50       0     40     27      0      0      0      0   5153     15      0 
 20260711    12:01:51       0      1      0      0      0      0      0   5153     15      0 
 20260711    12:01:52       0     97     68      0      0      0      0   5153     15      0 
 20260711    12:01:53       0      4      3      0      0      0      0   5153     15      0 
 20260711    12:01:54       0     39     21      0      0      0      0   2043     15      0 
 20260711    12:01:55       0      4      3      0      0      0      0   5153     15      0 
 20260711    12:01:56       0      5      4      0      0      0      0   3617     15      0 
 20260711    12:01:57       0     93     65      0      0      0      0   5157     15      0 
 20260711    12:01:58       0     19     11      0      0      0      0   5153     15      0 
 20260711    12:01:59       0      5      4      0      0      0      0   2043     15      0 
 20260711    12:02:01       0     18     16      0      0      0      0   5153     15      0 
 20260711    12:02:02       0      1      1      0      0      0      0   5153     15      0 
 20260711    12:02:03       0     48     31      0      0      0      0   2043     15      0 
 20260711    12:02:04       0     23     16      0      0      0      0   5153     15      0 
 20260711    12:02:05       0     27     10      0      0      0      0   5155     15      0 
 20260711    12:02:06       0      2      1      0      0      0      0   5153     15      0 
 20260711    12:02:07       0     91     63      0      0      0      0   5155     15      0 
 20260711    12:02:08       0      0      0      0      0      0      0   5153     15      0 
 20260711    12:02:09       0     53     33      0      0      0      0   2043     15      0 
#Date        Time         gpu     sm    mem    enc    dec    jpg    ofa     fb   bar1   ccpm 
#YYYYMMDD    HH:MM:SS     Idx      %      %      %      %      %      %     MB     MB     MB 
 20260711    12:02:10       0     99     69      0      0      0      0   5153     15      0 
 20260711    12:02:11       0      5      4      0      0      0      0   5153     15      0 
 20260711    12:02:12       0      4      2      0      0      0      0   5153     15      0 
 20260711    12:02:13       0     91     61      0      0      0      0   2043     15      0 
 20260711    12:02:14       0      3      1      0      0      0      0   5153     15      0 
 20260711    12:02:15       0      9      4      0      0      0      0   3617     15      0 
 20260711    12:02:16       0     99     69      0      0      0      0   5157     15      0 
 20260711    12:02:17       0     12      8      0      0      0      0   5155     15      0 
 20260711    12:02:18       0     67     52      0      0      0      0   5153     15      0 
 20260711    12:02:19       0      9      6      0      0      0      0   5153     15      0 
 20260711    12:02:20       0     88     57      0      0      0      0   5159     15      0 
 20260711    12:02:21       0      1      0      0      0      0      0   5153     15      0 
 20260711    12:02:22       0     41     23      0      0      0      0   3617     15      0 
 20260711    12:02:23       0      0      0      0      0      0      0   5153     15      0 
 20260711    12:02:24       0     80     52      0      0      0      0   3617     15      0 
 20260711    12:02:25       0     91     62      0      0      0      0   5155     15      0 
 20260711    12:02:26       0      2      1      0      0      0      0   5153     15      0 
 20260711    12:02:27       0      5      4      0      0      0      0   5153     15      0 
 20260711    12:02:28       0     91     60      0      0      0      0   2043     15      0 
 20260711    12:02:29       0      0      0      0      0      0      0   5153     15      0 
 20260711    12:02:30       0     32     15      0      0      0      0   3617     15      0 
 20260711    12:02:31       0     33     24      0      0      0      0   5157     15      0 
 20260711    12:02:32       0      3      2      0      0      0      0   5153     15      0 
 20260711    12:02:33       0     91     61      0      0      0      0   2667     15      0 
 20260711    12:02:34       0      1      0      0      0      0      0   5153     15      0 
 20260711    12:02:35       0     19     13      0      0      0      0   5155     15      0 
 20260711    12:02:36       0      1      1      0      0      0      0   5153     15      0 
 20260711    12:02:37       0     19      9      0      0      0      0   5153     15      0 
 20260711    12:02:38       0     25     10      0      0      0      0   5153     15      0 
 20260711    12:02:39       0     90     60      0      0      0      0   3617     15      0 
 20260711    12:02:40       0      3      2      0      0      0      0   5155     15      0 
 20260711    12:02:41       0      2      2      0      0      0      0   5153     15      0 
 20260711    12:02:42       0     90     60      0      0      0      0   3617     15      0 
 20260711    12:02:43       0      2      2      0      0      0      0   5153     15      0 
 20260711    12:02:44       0     68     44      0      0      0      0   3617     15      0 
 20260711    12:02:45       0     35     24      0      0      0      0   5157     15      0 
 20260711    12:02:46       0     16      0      0      0      0      0   5155     15      0 
 20260711    12:02:47       0     95     64      0      0      0      0   5157     15      0 
 20260711    12:02:48       0      0      0      0      0      0      0   5155     15      0 
 20260711    12:02:49       0     30     16      0      0      0      0   3617     15      0 
 20260711    12:02:50       0      0      0      0      0      0      0   5155     15      0 
 20260711    12:02:51       0      1      1      0      0      0      0   5153     15      0 
 20260711    12:02:52       0     57     37      0      0      0      0   4129     15      0 
 20260711    12:02:53       0     31     15      0      0      0      0   5155     15      0 
#Date        Time         gpu     sm    mem    enc    dec    jpg    ofa     fb   bar1   ccpm 
#YYYYMMDD    HH:MM:SS     Idx      %      %      %      %      %      %     MB     MB     MB 
 20260711    12:02:54       0      2      1      0      0      0      0   5155     15      0 
 20260711    12:02:55       0     35     18      0      0      0      0   4129     15      0 
 20260711    12:02:56       0     98     68      0      0      0      0   5153     15      0 
 20260711    12:02:57       0      7      4      0      0      0      0   4129     15      0 
 20260711    12:02:58       0     88     57      0      0      0      0   5155     15      0 
 20260711    12:02:59       0      0      0      0      0      0      0   5153     15      0 
 20260711    12:03:00       0     93     62      0      0      0      0   3617     15      0 
 20260711    12:03:01       0     25      2      0      0      0      0   5159     15      0 
 20260711    12:03:02       0      3      1      0      0      0      0   5155     15      0 
 20260711    12:03:03       0     31     16      0      0      0      0   5153     15      0 
 20260711    12:03:04       0     87     60      0      0      0      0   5153     15      0 
 20260711    12:03:05       0     19     11      0      0      0      0   5153     15      0 
 20260711    12:03:06       0      3      3      0      0      0      0   5155     15      0 
 20260711    12:03:07       0     20     14      0      0      0      0   5153     15      0 
 20260711    12:03:08       0     88     57      0      0      0      0   5159     15      0 
 20260711    12:03:09       0      0      0      0      0      0      0   5153     15      0 
 20260711    12:03:10       0     91     60      0      0      0      0   4129     15      0 
 20260711    12:03:11       0      1      1      0      0      0      0   5153     15      0 
 20260711    12:03:12       0     74     51      0      0      0      0   3617     15      0 
 20260711    12:03:13       0      2      2      0      0      0      0   5153     15      0 
 20260711    12:03:14       0     16     11      0      0      0      0   2667     15      0 
 20260711    12:03:15       0      0      0      0      0      0      0   5153     15      0 
 20260711    12:03:16       0     50     31      0      0      0      0   4129     15      0 
 20260711    12:03:17       0     10      6      0      0      0      0   5153     15      0 
 20260711    12:03:18       0     37     20      0      0      0      0   5153     15      0 
 20260711    12:03:19       0      3      2      0      0      0      0   5153     15      0 
 20260711    12:03:20       0     99     69      0      0      0      0   3617     15      0 
 20260711    12:03:21       0      0      0      0      0      0      0   5159     15      0 
 20260711    12:03:22       0     38     17      0      0      0      0   5153     15      0 
 20260711    12:03:23       0     99     70      0      0      0      0   2043     15      0 
 20260711    12:03:24       0     91     62      0      0      0      0   5159     15      0 
 20260711    12:03:25       0      1      0      0      0      0      0   5153     15      0 
 20260711    12:03:26       0     91     63      0      0      0      0   5153     15      0 
 20260711    12:03:27       0      0      0      0      0      0      0   2043     15      0 
 20260711    12:03:28       0      1      1      0      0      0      0   5155     15      0 
 20260711    12:03:29       0     72     47      0      0      0      0   5153     15      0 
 20260711    12:03:30       0     90     60      0      0      0      0   5155     15      0 
 20260711    12:03:31       0      2      1      0      0      0      0   5155     15      0 
 20260711    12:03:32       0     42     30      0      0      0      0   5153     15      0 
 20260711    12:03:33       0     17      3      0      0      0      0   2043     15      0 
 20260711    12:03:34       0      0      0      0      0      0      0   5159     15      0 
 20260711    12:03:35       0      6      4      0      0      0      0   5153     15      0 
 20260711    12:03:36       0      0      0      0      0      0      0   3617     15      0 
 20260711    12:03:37       0      0      0      0      0      0      0   5153     15      0 
#Date        Time         gpu     sm    mem    enc    dec    jpg    ofa     fb   bar1   ccpm 
#YYYYMMDD    HH:MM:SS     Idx      %      %      %      %      %      %     MB     MB     MB 
 20260711    12:03:38       0      0      0      0      0      0      0   3617     15      0 
 20260711    12:03:39       0      3      1      0      0      0      0   5155     15      0 
 20260711    12:03:40       0     30     18      0      0      0      0   5153     15      0 
 20260711    12:03:41       0     23      1      0      0      0      0   2043     15      0 
 20260711    12:03:42       0     68     48      0      0      0      0   5155     15      0 
 20260711    12:03:43       0      1      1      0      0      0      0   5153     15      0 
 20260711    12:03:44       0      0      0      0      0      0      0   3617     15      0 
 20260711    12:03:45       0      0      0      0      0      0      0   5159     15      0 
 20260711    12:03:46       0     99     69      0      0      0      0   4129     15      0 
 20260711    12:03:47       0     90     60      0      0      0      0   5155     15      0 
 20260711    12:03:48       0      0      0      0      0      0      0   5153     15      0 
 20260711    12:03:49       0     14      9      0      0      0      0   3617     15      0 
 20260711    12:03:50       0      2      2      0      0      0      0   5153     15      0 
 20260711    12:03:51       0     95     87      0      0      0      0   2043     15      0 
 20260711    12:03:52       0     12      9      0      0      0      0   5153     15      0 
 20260711    12:03:53       0      3      3      0      0      0      0   5153     15      0 
 20260711    12:03:54       0     37     20      0      0      0      0   5153     15      0 
 20260711    12:03:55       0      1      1      0      0      0      0   5155     15      0 
 20260711    12:03:56       0     99     69      0      0      0      0   3617     15      0 
 20260711    12:03:57       0     79     55      0      0      0      0   5157     15      0 
 20260711    12:03:58       0     18     10      0      0      0      0   5155     15      0 
 20260711    12:03:59       0     91     61      0      0      0      0   5153     15      0 
 20260711    12:04:00       0      1      0      0      0      0      0   5157     15      0 
 20260711    12:04:01       0     32     15      0      0      0      0   5155     15      0 
 20260711    12:04:02       0     99     69      0      0      0      0   3617     15      0 
 20260711    12:04:03       0     94     66      0      0      0      0   5155     15      0 
 20260711    12:04:04       0      6      4      0      0      0      0   5153     15      0 
 20260711    12:04:05       0     43     27      0      0      0      0   3617     15      0 
 20260711    12:04:06       0      0      0      0      0      0      0   5153     15      0 
 20260711    12:04:07       0     43     22      0      0      0      0   3617     15      0 
 20260711    12:04:08       0      0      0      0      0      0      0   5157     15      0 
 20260711    12:04:09       0     91     62      0      0      0      0   5153     15      0 
 20260711    12:04:10       0     57     34      0      0      0      0   2667     15      0 
 20260711    12:04:11       0      0      0      0      0      0      0   5155     15      0 
 20260711    12:04:12       0     37     26      0      0      0      0   4129     15      0 
 20260711    12:04:13       0      5      4      0      0      0      0   5155     15      0 
 20260711    12:04:14       0     18     13      0      0      0      0   5153     15      0 
 20260711    12:04:15       0     63     44      0      0      0      0   5155     15      0 
 20260711    12:04:16       0      5      4      0      0      0      0   5153     15      0 
 20260711    12:04:17       0     37     20      0      0      0      0   3617     15      0 
 20260711    12:04:18       0      0      0      0      0      0      0   5157     15      0 
 20260711    12:04:19       0     48     27      0      0      0      0   5155     15      0 
 20260711    12:04:20       0     18     13      0      0      0      0   3617     15      0 
 20260711    12:04:21       0      1      1      0      0      0      0   5155     15      0 
#Date        Time         gpu     sm    mem    enc    dec    jpg    ofa     fb   bar1   ccpm 
#YYYYMMDD    HH:MM:SS     Idx      %      %      %      %      %      %     MB     MB     MB 
 20260711    12:04:22       0     99     69      0      0      0      0   5153     15      0 
 20260711    12:04:23       0      3      1      0      0      0      0   5155     15      0 
 20260711    12:04:24       0     90     58      0      0      0      0   5153     15      0 
 20260711    12:04:25       0     96     67      0      0      0      0   5155     15      0 
 20260711    12:04:26       0      5      4      0      0      0      0   5153     15      0 
 20260711    12:04:27       0      0      0      0      0      0      0   5153     15      0 
 20260711    12:04:28       0     43     30      0      0      0      0   4129     15      0 
 20260711    12:04:29       0      0      0      0      0      0      0   5153     15      0 
 20260711    12:04:30       0     85     56      0      0      0      0   3617     15      0 
 20260711    12:04:31       0      0      0      0      0      0      0   5153     15      0 
 20260711    12:04:32       0      0      0      0      0      0      0   5153     15      0 
 20260711    12:04:33       0      3      1      0      0      0      0   5153     15      0 
 20260711    12:04:34       0     66     51      0      0      0      0   3617     15      0 
 20260711    12:04:35       0     17     12      0      0      0      0   5153     15      0 
 20260711    12:04:36       0     62     44      0      0      0      0   2043     15      0 
 20260711    12:04:37       0      2      1      0      0      0      0   5153     15      0 
 20260711    12:04:38       0     99     69      0      0      0      0   2043     15      0 
 20260711    12:04:39       0     19     11      0      0      0      0   5155     15      0 
 20260711    12:04:40       0      0      0      0      0      0      0   4129     15      0 
 20260711    12:04:41       0      2      2      0      0      0      0   5153     15      0 
 20260711    12:04:42       0     48     30      0      0      0      0   4129     15      0 
 20260711    12:04:43       0      0      0      0      0      0      0   5155     15      0 
 20260711    12:04:44       0      0      0      0      0      0      0   4129     15      0 
 20260711    12:04:45       0      0      0      0      0      0      0   5155     15      0 
 20260711    12:04:46       0     91     62      0      0      0      0   5153     15      0 
 20260711    12:04:47       0     99     69      0      0      0      0   2043     15      0 
 20260711    12:04:48       0      5      4      0      0      0      0   5153     15      0 
 20260711    12:04:49       0     29     21      0      0      0      0   2043     15      0 
 20260711    12:04:50       0      8      5      0      0      0      0   5157     15      0 
 20260711    12:04:51       0     47     22      0      0      0      0   5153     15      0 
 20260711    12:04:52       0     41     29      0      0      0      0   2043     15      0 
 20260711    12:04:53       0      5      4      0      0      0      0   5155     15      0 
 20260711    12:04:54       0     38     24      0      0      0      0   4129     15      0 
 20260711    12:04:55       0      1      1      0      0      0      0   5153     15      0 
 20260711    12:04:56       0      0      0      0      0      0      0   5153     15      0 
 20260711    12:04:57       0      2      1      0      0      0      0   5153     15      0 
 20260711    12:04:58       0     16     14      0      0      0      0   5153     15      0 
 20260711    12:04:59       0      1      1      0      0      0      0   5153     15      0 
 20260711    12:05:00       0     35     18      0      0      0      0   5153     15      0 
 20260711    12:05:01       0     15     10      0      0      0      0   5153     15      0 
 20260711    12:05:02       0     91     61      0      0      0      0   3617     15      0 
 20260711    12:05:03       0     19     11      0      0      0      0   5153     15      0 
 20260711    12:05:04       0      3      1      0      0      0      0   2667     15      0 
 20260711    12:05:05       0      5      4      0      0      0      0   5153     15      0 
#Date        Time         gpu     sm    mem    enc    dec    jpg    ofa     fb   bar1   ccpm 
#YYYYMMDD    HH:MM:SS     Idx      %      %      %      %      %      %     MB     MB     MB 
 20260711    12:05:06       0      0      0      0      0      0      0   5153     15      0 
 20260711    12:05:07       0     37     26      0      0      0      0   5153     15      0 
 20260711    12:05:08       0      3      3      0      0      0      0   5153     15      0 
 20260711    12:05:09       0     30     21      0      0      0      0   5153     15      0 
 20260711    12:05:10       0      0      0      0      0      0      0   5153     15      0 
 20260711    12:05:11       0     31     28      0      0      0      0   5153     15      0 
 20260711    12:05:12       0      0      0      0      0      0      0   5153     15      0 
 20260711    12:05:13       0     89     62      0      0      0      0   5153     15      0 
 20260711    12:05:14       0      5      4      0      0      0      0   3617     15      0 
 20260711    12:05:15       0      3      1      0      0      0      0   5153     15      0 
 20260711    12:05:16       0     64     42      0      0      0      0   5155     15      0 
 20260711    12:05:17       0      0      0      0      0      0      0   5153     15      0 
 20260711    12:05:18       0     68     45      0      0      0      0   5155     15      0 
 20260711    12:05:19       0     55     30      0      0      0      0   5155     15      0 
 20260711    12:05:21       0      2      1      0      0      0      0   5153     15      0 
 20260711    12:05:22       0      0      0      0      0      0      0   5153     15      0 
 20260711    12:05:23       0      0      0      0      0      0      0   5153     15      0 
 20260711    12:05:24       0     10      9      0      0      0      0   5153     15      0 
 20260711    12:05:25       0      1      0      0      0      0      0   5153     15      0 
 20260711    12:05:26       0     13      9      0      0      0      0   5153     15      0 
 20260711    12:05:27       0      5      4      0      0      0      0   4129     15      0 
 20260711    12:05:28       0     28      6      0      0      0      0   5157     15      0 
 20260711    12:05:29       0      2      1      0      0      0      0   5153     15      0 
 20260711    12:05:30       0     36     18      0      0      0      0   2043     15      0 
 20260711    12:05:31       0     90     63      0      0      0      0   5153     15      0 
 20260711    12:05:32       0      5      4      0      0      0      0   3617     15      0 
 20260711    12:05:33       0     44     25      0      0      0      0   5153     15      0 
 20260711    12:05:34       0     17     12      0      0      0      0   5153     15      0 
 20260711    12:05:35       0     80     56      0      0      0      0   5153     15      0 
 20260711    12:05:36       0      5      4      0      0      0      0   4129     15      0 
 20260711    12:05:37       0     54     34      0      0      0      0   5153     15      0 
 20260711    12:05:38       0      2      1      0      0      0      0   4129     15      0 
 20260711    12:05:39       0     88     57      0      0      0      0   5153     15      0 
 20260711    12:05:40       0      3      2      0      0      0      0   5153     15      0 
 20260711    12:05:41       0      1      1      0      0      0      0   5153     15      0 
 20260711    12:05:42       0     29     15      0      0      0      0   3617     15      0 
 20260711    12:05:43       0     11      8      0      0      0      0   5153     15      0 
 20260711    12:05:44       0      5      4      0      0      0      0   5153     15      0 
 20260711    12:05:45       0     97     68      0      0      0      0   5159     15      0 
 20260711    12:05:46       0     19     11      0      0      0      0   4129     15      0 
 20260711    12:05:47       0     86     60      0      0      0      0   5155     15      0 
 20260711    12:05:48       0     40     23      0      0      0      0   5153     15      0 
 20260711    12:05:49       0      3      3      0      0      0      0   5153     15      0 
 20260711    12:05:50       0      0      0      0      0      0      0   5153     15      0 
#Date        Time         gpu     sm    mem    enc    dec    jpg    ofa     fb   bar1   ccpm 
#YYYYMMDD    HH:MM:SS     Idx      %      %      %      %      %      %     MB     MB     MB 
 20260711    12:05:51       0      3      1      0      0      0      0   5153     15      0 
 20260711    12:05:52       0      0      0      0      0      0      0   5153     15      0 
 20260711    12:05:53       0      0      0      0      0      0      0   5153     15      0 
 20260711    12:05:54       0     91     62      0      0      0      0   2043     15      0 
 20260711    12:05:55       0     99     69      0      0      0      0   5153     15      0 
 20260711    12:05:56       0     17     10      0      0      0      0   5153     15      0 
 20260711    12:05:57       0      1      1      0      0      0      0   5153     15      0 
 20260711    12:05:58       0     27     12      0      0      0      0   3617     15      0 
 20260711    12:05:59       0     95     66      0      0      0      0   5155     15      0 
 20260711    12:06:00       0      0      0      0      0      0      0   5153     15      0 
 20260711    12:06:01       0     44     24      0      0      0      0   4129     15      0 
 20260711    12:06:02       0     91     64      0      0      0      0   5153     15      0 
 20260711    12:06:03       0      5      4      0      0      0      0   5153     15      0 
 20260711    12:06:04       0      7      5      0      0      0      0   5153     15      0 
 20260711    12:06:05       0     31     17      0      0      0      0   5153     15      0 
 20260711    12:06:06       0      2      2      0      0      0      0   5153     15      0 
 20260711    12:06:07       0     99     69      0      0      0      0   2043     15      0 
 20260711    12:06:08       0      1      1      0      0      0      0   5153     15      0 
 20260711    12:06:09       0     49     29      0      0      0      0   5153     15      0 
 20260711    12:06:10       0      0      0      0      0      0      0   5155     15      0 
 20260711    12:06:11       0     54     31      0      0      0      0   5155     15      0 
 20260711    12:06:12       0      2      1      0      0      0      0   5153     15      0 
 20260711    12:06:13       0     81     53      0      0      0      0   5155     15      0 
 20260711    12:06:14       0      2      1      0      0      0      0   5153     15      0 
 20260711    12:06:15       0     91     59      0      0      0      0   4129     15      0 
 20260711    12:06:16       0     87     59      0      0      0      0   5155     15      0 
 20260711    12:06:17       0      1      0      0      0      0      0   5153     15      0 
 20260711    12:06:18       0     99     69      0      0      0      0   3617     15      0 
 20260711    12:06:19       0      2      2      0      0      0      0   5153     15      0 
 20260711    12:06:20       0     90     61      0      0      0      0   3617     15      0 
 20260711    12:06:21       0      3      1      0      0      0      0   5155     15      0 
 20260711    12:06:22       0     21     10      0      0      0      0   5153     15      0 
 20260711    12:06:23       0     91     61      0      0      0      0   3617     15      0 
 20260711    12:06:24       0     13      0      0      0      0      0   5155     15      0 
 20260711    12:06:25       0     91     64      0      0      0      0   5157     15      0 
 20260711    12:06:26       0      5      3      0      0      0      0   5159     15      0 
 20260711    12:06:27       0     19     12      0      0      0      0   3617     15      0 
 20260711    12:06:28       0      0      0      0      0      0      0   5155     15      0 
 20260711    12:06:29       0      0      0      0      0      0      0   5153     15      0 
 20260711    12:06:30       0     16     10      0      0      0      0   2043     15      0 
 20260711    12:06:31       0     60     39      0      0      0      0   5153     15      0 
 20260711    12:06:32       0      0      0      0      0      0      0   5153     15      0 
 20260711    12:06:33       0     91     62      0      0      0      0   5153     15      0 
 20260711    12:06:34       0      8      4      0      0      0      0   4129     15      0 
#Date        Time         gpu     sm    mem    enc    dec    jpg    ofa     fb   bar1   ccpm 
#YYYYMMDD    HH:MM:SS     Idx      %      %      %      %      %      %     MB     MB     MB 
 20260711    12:06:35       0      0      0      0      0      0      0   5153     15      0 
 20260711    12:06:36       0     88     57      0      0      0      0   5153     15      0 
 20260711    12:06:37       0      2      1      0      0      0      0   5153     15      0 
 20260711    12:06:38       0     99     70      0      0      0      0   4129     15      0 
 20260711    12:06:39       0      0      0      0      0      0      0   5153     15      0 
 20260711    12:06:40       0     84     58      0      0      0      0   4129     15      0 
 20260711    12:06:41       0     68     48      0      0      0      0   5159     15      0 
 20260711    12:06:42       0      0      0      0      0      0      0   5153     15      0 
 20260711    12:06:43       0     19     13      0      0      0      0   3617     15      0 
 20260711    12:06:44       0     63     44      0      0      0      0   5153     15      0 
 20260711    12:06:45       0      5      4      0      0      0      0   5153     15      0 
 20260711    12:06:46       0      2      2      0      0      0      0   5153     15      0 
 20260711    12:06:47       0     90     63      0      0      0      0   3617     15      0 
 20260711    12:06:48       0      4      2      0      0      0      0   5157     15      0 
 20260711    12:06:49       0      5      4      0      0      0      0   5153     15      0 
 20260711    12:06:50       0      9      6      0      0      0      0   5155     15      0 
 20260711    12:06:51       0     29     13      0      0      0      0   5153     15      0 
 20260711    12:06:52       0     55     39      0      0      0      0   3617     15      0 
 20260711    12:06:53       0      2      2      0      0      0      0   5153     15      0 
 20260711    12:06:54       0     94     64      0      0      0      0   5159     15      0 
 20260711    12:06:55       0      0      0      0      0      0      0   5157     15      0 
 20260711    12:06:56       0     91     61      0      0      0      0   4129     15      0 
 20260711    12:06:57       0     37     17      0      0      0      0   5155     15      0 
 20260711    12:06:58       0      2      2      0      0      0      0   5153     15      0 
 20260711    12:06:59       0     99     70      0      0      0      0   5153     15      0 
 20260711    12:07:00       0     22      2      0      0      0      0   2043     15      0 
 20260711    12:07:01       0      0      0      0      0      0      0   5157     15      0 
 20260711    12:07:02       0     24      9      0      0      0      0   5153     15      0 
 20260711    12:07:03       0      0      0      0      0      0      0   3617     15      0 
 20260711    12:07:04       0      2      2      0      0      0      0   5153     15      0 
 20260711    12:07:05       0     95     65      0      0      0      0   2043     15      0 
 20260711    12:07:06       0     99     70      0      0      0      0   5153     15      0 
 20260711    12:07:07       0      5      4      0      0      0      0   5153     15      0 
 20260711    12:07:08       0      2      2      0      0      0      0   5153     15      0 
 20260711    12:07:09       0     40     22      0      0      0      0   4129     15      0 
 20260711    12:07:10       0      2      2      0      0      0      0   5153     15      0 
 20260711    12:07:11       0     88     61      0      0      0      0   5153     15      0 
 20260711    12:07:12       0      0      0      0      0      0      0   5153     15      0 
 20260711    12:07:13       0      0      0      0      0      0      0   4129     15      0 
 20260711    12:07:14       0      3      2      0      0      0      0   5159     15      0 
 20260711    12:07:15       0     91     63      0      0      0      0   5153     15      0 
 20260711    12:07:16       0     75     49      0      0      0      0   2043     15      0 
 20260711    12:07:17       0     99     69      0      0      0      0   5157     15      0 
 20260711    12:07:18       0     19     11      0      0      0      0   5153     15      0 
#Date        Time         gpu     sm    mem    enc    dec    jpg    ofa     fb   bar1   ccpm 
#YYYYMMDD    HH:MM:SS     Idx      %      %      %      %      %      %     MB     MB     MB 
 20260711    12:07:19       0     57     40      0      0      0      0   5153     15      0 
 20260711    12:07:20       0      2      2      0      0      0      0   5153     15      0 
 20260711    12:07:21       0     23     17      0      0      0      0   5159     15      0 
 20260711    12:07:22       0      4      3      0      0      0      0   5153     15      0 
 20260711    12:07:23       0      0      0      0      0      0      0   3617     15      0 
 20260711    12:07:24       0     97     68      0      0      0      0   5155     15      0 
 20260711    12:07:25       0     14      7      0      0      0      0   5157     15      0 
 20260711    12:07:26       0     58     38      0      0      0      0   5153     15      0 
 20260711    12:07:27       0      0      0      0      0      0      0   5153     15      0 
 20260711    12:07:28       0      4      2      0      0      0      0   5157     15      0 
 20260711    12:07:29       0     70     45      0      0      0      0   5153     15      0 
 20260711    12:07:30       0     13      0      0      0      0      0   3617     15      0 
 20260711    12:07:31       0     91     61      0      0      0      0   2043     15      0 
 20260711    12:07:32       0      0      0      0      0      0      0   5157     15      0 
 20260711    12:07:33       0     22     11      0      0      0      0   5153     15      0 
 20260711    12:07:34       0      8      1      0      0      0      0   5153     15      0 
 20260711    12:07:35       0      1      1      0      0      0      0   5155     15      0 
 20260711    12:07:36       0     20      3      0      0      0      0   5155     15      0 
 20260711    12:07:37       0     46     32      0      0      0      0   3617     15      0 
 20260711    12:07:38       0      0      0      0      0      0      0   5157     15      0 
 20260711    12:07:39       0      5      4      0      0      0      0   5157     15      0 
 20260711    12:07:40       0     68     44      0      0      0      0   5157     15      0 
 20260711    12:07:41       0     79     55      0      0      0      0   5153     15      0 
 20260711    12:07:42       0     26      4      0      0      0      0   3617     15      0 
 20260711    12:07:43       0     90     63      0      0      0      0   5155     15      0 
 20260711    12:07:44       0      5      4      0      0      0      0   5153     15      0 
 20260711    12:07:45       0     80     52      0      0      0      0   2043     15      0 
 20260711    12:07:46       0      6      4      0      0      0      0   5153     15      0 
 20260711    12:07:47       0     20     14      0      0      0      0   5155     15      0 
 20260711    12:07:48       0      5      4      0      0      0      0   5153     15      0 
 20260711    12:07:49       0     92     62      0      0      0      0   2043     15      0 
 20260711    12:07:50       0     19     11      0      0      0      0   5153     15      0 
 20260711    12:07:51       0     88     57      0      0      0      0   3617     15      0 
 20260711    12:07:52       0     19     11      0      0      0      0   5153     15      0 
 20260711    12:07:53       0     99     69      0      0      0      0   2043     15      0 
 20260711    12:07:54       0     19     11      0      0      0      0   5155     15      0 
 20260711    12:07:55       0      0      0      0      0      0      0   4129     15      0 
 20260711    12:07:56       0      0      0      0      0      0      0   5157     15      0 
 20260711    12:07:57       0     25     10      0      0      0      0   5155     15      0 
 20260711    12:07:58       0     83     58      0      0      0      0   5157     15      0 
 20260711    12:07:59       0     22      2      0      0      0      0   3617     15      0 
 20260711    12:08:00       0      1      0      0      0      0      0   5157     15      0 
 20260711    12:08:01       0     27     11      0      0      0      0   5157     15      0 
 20260711    12:08:02       0     23     16      0      0      0      0   5153     15      0 
#Date        Time         gpu     sm    mem    enc    dec    jpg    ofa     fb   bar1   ccpm 
#YYYYMMDD    HH:MM:SS     Idx      %      %      %      %      %      %     MB     MB     MB 
 20260711    12:08:03       0     90     62      0      0      0      0   3617     15      0 
 20260711    12:08:04       0     19     11      0      0      0      0   5153     15      0 
 20260711    12:08:05       0     94     65      0      0      0      0   5153     15      0 
 20260711    12:08:06       0      1      0      0      0      0      0   5153     15      0 
 20260711    12:08:07       0     86     58      0      0      0      0   5153     15      0 
 20260711    12:08:08       0      1      0      0      0      0      0   5153     15      0 
 20260711    12:08:09       0     33     21      0      0      0      0   5153     15      0 
 20260711    12:08:10       0     21     14      0      0      0      0   5157     15      0 
 20260711    12:08:11       0      0      0      0      0      0      0   5153     15      0 
 20260711    12:08:12       0      5      4      0      0      0      0   5155     15      0 
 20260711    12:08:13       0     21     12      0      0      0      0   5155     15      0 
 20260711    12:08:14       0     38     19      0      0      0      0   5153     15      0 
 20260711    12:08:15       0     16     11      0      0      0      0   5153     15      0 
 20260711    12:08:16       0     85     59      0      0      0      0   5153     15      0 
 20260711    12:08:17       0      3      1      0      0      0      0   5155     15      0 
 20260711    12:08:18       0     88     61      0      0      0      0   5153     15      0 
 20260711    12:08:19       0     10      7      0      0      0      0   2043     15      0 
 20260711    12:08:20       0      5      4      0      0      0      0   5155     15      0 
 20260711    12:08:21       0     96     67      0      0      0      0   5153     15      0 
 20260711    12:08:22       0     98     69      0      0      0      0   3617     15      0 
 20260711    12:08:23       0     11      5      0      0      0      0   5159     15      0 
 20260711    12:08:24       0     39     10      0      0      0      0   5153     15      0 
 20260711    12:08:25       0      0      0      0      0      0      0   5153     15      0 
 20260711    12:08:26       0     47     26      0      0      0      0   5153     15      0 
 20260711    12:08:27       0      2      2      0      0      0      0   2043     15      0 
 20260711    12:08:28       0     31     16      0      0      0      0   5153     15      0 
 20260711    12:08:29       0     37     22      0      0      0      0   4129     15      0 
 20260711    12:08:30       0      2      1      0      0      0      0   5153     15      0 
 20260711    12:08:31       0      5      4      0      0      0      0   3617     15      0 
 20260711    12:08:32       0      0      0      0      0      0      0   5153     15      0 
 20260711    12:08:33       0     33     17      0      0      0      0   2043     15      0 
 20260711    12:08:34       0     78     55      0      0      0      0   5153     15      0 
 20260711    12:08:35       0     19     11      0      0      0      0   3617     15      0 
 20260711    12:08:36       0     88     60      0      0      0      0   5155     15      0 
 20260711    12:08:37       0      0      0      0      0      0      0   5153     15      0 
 20260711    12:08:38       0     89     63      0      0      0      0   5159     15      0 
 20260711    12:08:39       0     58     41      0      0      0      0   5153     15      0 
 20260711    12:08:41       0     19     11      0      0      0      0   3617     15      0 
 20260711    12:08:42       0     24      3      0      0      0      0   2043     15      0 
 20260711    12:08:43       0     91     61      0      0      0      0   5159     15      0 
 20260711    12:08:44       0     57     37      0      0      0      0   5157     15      0 
 20260711    12:08:45       0     99     69      0      0      0      0   5153     15      0 
 20260711    12:08:46       0      8      5      0      0      0      0   5153     15      0 
 20260711    12:08:47       0      5      4      0      0      0      0   5153     15      0 
#Date        Time         gpu     sm    mem    enc    dec    jpg    ofa     fb   bar1   ccpm 
#YYYYMMDD    HH:MM:SS     Idx      %      %      %      %      %      %     MB     MB     MB 
 20260711    12:08:48       0     23      8      0      0      0      0   3617     15      0 
 20260711    12:08:49       0     91     61      0      0      0      0   5159     15      0 
 20260711    12:08:50       0     44     17      0      0      0      0   5157     15      0 
 20260711    12:08:51       0     62     44      0      0      0      0   5153     15      0 
 20260711    12:08:52       0      5      4      0      0      0      0   3617     15      0 
 20260711    12:08:53       0     60     40      0      0      0      0   5153     15      0 
 20260711    12:08:54       0      0      0      0      0      0      0   4129     15      0 
 20260711    12:08:55       0     36     25      0      0      0      0   5153     15      0 
 20260711    12:08:56       0     15     10      0      0      0      0   5153     15      0 
 20260711    12:08:57       0      0      0      0      0      0      0   5153     15      0 
 20260711    12:08:58       0     98     68      0      0      0      0   5157     15      0 
 20260711    12:08:59       0     88     80      0      0      0      0   5153     15      0 
 20260711    12:09:00       0      1      1      0      0      0      0   5153     15      0 
 20260711    12:09:01       0      1      1      0      0      0      0   5153     15      0 
 20260711    12:09:02       0     91     61      0      0      0      0   2043     15      0 
 20260711    12:09:03       0      0      0      0      0      0      0   5153     15      0 
 20260711    12:09:04       0     88     57      0      0      0      0   2043     15      0 
 20260711    12:09:05       0      0      0      0      0      0      0   5155     15      0 
 20260711    12:09:06       0      1      1      0      0      0      0   5153     15      0 
 20260711    12:09:07       0     91     59      0      0      0      0   2043     15      0 
 20260711    12:09:08       0      0      0      0      0      0      0   5155     15      0 
 20260711    12:09:09       0      1      1      0      0      0      0   5153     15      0 
 20260711    12:09:10       0     34     23      0      0      0      0   5155     15      0 
 20260711    12:09:11       0      2      2      0      0      0      0   5153     15      0 
 20260711    12:09:12       0     35     17      0      0      0      0   3617     15      0 
 20260711    12:09:13       0     99     69      0      0      0      0   5157     15      0 
 20260711    12:09:14       0      0      0      0      0      0      0   5155     15      0 
 20260711    12:09:15       0     28     17      0      0      0      0   5157     15      0 
 20260711    12:09:16       0      5      4      0      0      0      0   5153     15      0 
 20260711    12:09:17       0     61     43      0      0      0      0   5155     15      0 
 20260711    12:09:18       0     28     11      0      0      0      0   5155     15      0 
 20260711    12:09:19       0      3      1      0      0      0      0   5153     15      0 
 20260711    12:09:20       0     25     16      0      0      0      0   3617     15      0 
 20260711    12:09:21       0     41     26      0      0      0      0   5155     15      0 
 20260711    12:09:22       0      0      0      0      0      0      0   5153     15      0 
 20260711    12:09:23       0      0      0      0      0      0      0   5153     15      0 
 20260711    12:09:24       0      1      1      0      0      0      0   5153     15      0 
 20260711    12:09:25       0     99     69      0      0      0      0   2043     15      0 
 20260711    12:09:26       0      1      1      0      0      0      0   5153     15      0 
 20260711    12:09:27       0     91     60      0      0      0      0   3617     15      0 
 20260711    12:09:28       0      2      1      0      0      0      0   5153     15      0 
 20260711    12:09:29       0     91     60      0      0      0      0   3617     15      0 
 20260711    12:09:30       0      2      2      0      0      0      0   5157     15      0 
 20260711    12:09:31       0      5      4      0      0      0      0   5153     15      0 
#Date        Time         gpu     sm    mem    enc    dec    jpg    ofa     fb   bar1   ccpm 
#YYYYMMDD    HH:MM:SS     Idx      %      %      %      %      %      %     MB     MB     MB 
 20260711    12:09:32       0     99     69      0      0      0      0   3617     15      0 
 20260711    12:09:33       0     93     63      0      0      0      0   5153     15      0 
 20260711    12:09:34       0     19     11      0      0      0      0   4129     15      0 
 20260711    12:09:35       0      0      0      0      0      0      0   5153     15      0 
 20260711    12:09:36       0     39     20      0      0      0      0   3617     15      0 
 20260711    12:09:37       0     25     17      0      0      0      0   5155     15      0 
 20260711    12:09:38       0      5      4      0      0      0      0   4129     15      0 
 20260711    12:09:39       0     55     38      0      0      0      0   2043     15      0 
 20260711    12:09:40       0     97     68      0      0      0      0   5157     15      0 
 20260711    12:09:41       0     19     11      0      0      0      0   5153     15      0 
 20260711    12:09:42       0     22      8      0      0      0      0   3617     15      0 
 20260711    12:09:43       0      3      2      0      0      0      0   5159     15      0 
 20260711    12:09:44       0     90     62      0      0      0      0   5157     15      0 
 20260711    12:09:45       0      0      0      0      0      0      0   5153     15      0 
 20260711    12:09:46       0     31     22      0      0      0      0   2043     15      0 
 20260711    12:09:47       0      3      1      0      0      0      0   5153     15      0 
 20260711    12:09:48       0      0      0      0      0      0      0   5157     15      0 
 20260711    12:09:49       0     82     54      0      0      0      0   5153     15      0 
 20260711    12:09:50       0     15     10      0      0      0      0   5153     15      0 
 20260711    12:09:51       0     70     49      0      0      0      0   5153     15      0 
 20260711    12:09:52       0      5      4      0      0      0      0   4129     15      0 
 20260711    12:09:53       0      0      0      0      0      0      0   5153     15      0 
 20260711    12:09:54       0     99     70      0      0      0      0   3617     15      0 
 20260711    12:09:55       0      0      0      0      0      0      0   5153     15      0 
 20260711    12:09:56       0     19     17      0      0      0      0   5155     15      0 
 20260711    12:09:57       0      2      2      0      0      0      0   5153     15      0 
 20260711    12:09:58       0     57     37      0      0      0      0   5155     15      0 
 20260711    12:09:59       0      2      1      0      0      0      0   5153     15      0 
 20260711    12:10:00       0     31     15      0      0      0      0   5153     15      0 
 20260711    12:10:01       0     18     13      0      0      0      0   5153     15      0 
 20260711    12:10:02       0      2      2      0      0      0      0   5157     15      0 
 20260711    12:10:03       0      5      4      0      0      0      0   5153     15      0 
 20260711    12:10:04       0     14      9      0      0      0      0   2043     15      0 
 20260711    12:10:05       0      0      0      0      0      0      0   5153     15      0 
 20260711    12:10:06       0     34     23      0      0      0      0   3617     15      0 
 20260711    12:10:07       0      0      0      0      0      0      0   5153     15      0 
 20260711    12:10:08       0     99     69      0      0      0      0   3617     15      0 
 20260711    12:10:09       0      3      1      0      0      0      0   5153     15      0 
 20260711    12:10:10       0     12      9      0      0      0      0   2043     15      0 
 20260711    12:10:11       0      0      0      0      0      0      0   2043     15      0 
 20260711    12:10:12       0      0      0      0      0      0      0   2043     15      0 
 20260711    12:10:13       0      0      0      0      0      0      0   2043     15      0 
 20260711    12:10:14       0      0      0      0      0      0      0   2043     15      0 
 20260711    12:10:15       0      0      0      0      0      0      0   2043     15      0 
#Date        Time         gpu     sm    mem    enc    dec    jpg    ofa     fb   bar1   ccpm 
#YYYYMMDD    HH:MM:SS     Idx      %      %      %      %      %      %     MB     MB     MB 
 20260711    12:10:16       0      0      0      0      0      0      0   2043     15      0 
